  7.4483438e-003  4.2523067e-002
  2.0062263e-003  4.3993826e-002
 -1.3991931e-003 -1.7651852e-002
 -4.6590423e-003  6.9880727e-002
  4.2125559e-003 -8.1573690e-002
 -6.5212214e-003  9.3262568e-002
  8.4018888e-003 -3.9836669e-002
  1.1405463e-002 -9.2516734e-003
  2.7064027e-003 -1.4324994e-002
  5.8703617e-003 -4.2411299e-004
  5.7939956e-001  8.0868201e-002
  5.6473568e-001  4.0583397e-002
  5.8274263e-001 -1.2962239e-002
  5.6536598e-001  1.4242361e-001
  5.6696352e-001  3.9603796e-001
  5.8295570e-001  5.5644563e-001
  5.8241677e-001  7.0776466e-001
  5.7152079e-001  7.5878766e-001
  5.7617458e-001  1.0511301e+000
  5.7392731e-001  1.0420995e+000
  5.7377947e-001  1.3109100e+000
  5.6808366e-001  1.2599884e+000
  5.7288161e-001  1.5349832e+000
  5.8392575e-001  1.6496774e+000
  5.7675796e-001  1.7456779e+000
  5.8362731e-001  1.7246771e+000
  5.7803663e-001  1.7706084e+000
  5.7808071e-001  1.9379527e+000
  5.8213590e-001  1.9118159e+000
  5.6253275e-001  2.0166815e+000
  5.7386856e-001  2.1201043e+000
  5.8292246e-001  2.0364996e+000
  5.8146608e-001  2.0924053e+000
  5.6451778e-001  2.3017124e+000
  5.7597506e-001  2.1846143e+000
  5.6203446e-001  2.3143010e+000
  5.7948198e-001  2.2352555e+000
  5.6690042e-001  2.4177044e+000
  5.7103881e-001  2.3908375e+000
  5.7845591e-001  2.4661187e+000
  5.8130445e-001  2.3835599e+000
  5.7049957e-001  2.4358229e+000
  5.7218378e-001  2.4172784e+000
  5.6447014e-001  2.3515839e+000
  5.7850820e-001  2.4102798e+000
  5.6264599e-001  2.4551199e+000
  5.7481587e-001  2.5642669e+000
  5.6634141e-001  2.5269230e+000
  5.7260569e-001  2.5092365e+000
  5.6450023e-001  2.4668925e+000
  5.8340852e-001  2.4551667e+000
  5.6137407e-001  2.5319596e+000
  5.6907672e-001  2.5686291e+000
  5.6121686e-001  2.4633645e+000
  5.7005131e-001  2.5413154e+000
  5.6659406e-001  2.5547302e+000
  5.8028553e-001  2.4826500e+000
  5.7413651e-001  2.5129253e+000
  5.7309164e-001  2.5520090e+000
  5.7198578e-001  2.6601859e+000
  5.7370901e-001  2.5930696e+000
  5.8313572e-001  2.6600976e+000
  5.7213165e-001  2.5468134e+000
  5.8392951e-001  2.5322367e+000
  5.8162250e-001  2.5274215e+000
  5.7620228e-001  2.5099204e+000
  5.6386993e-001  2.6370373e+000
  5.6606785e-001  2.6737148e+000
  5.8207065e-001  2.6785208e+000
  5.8386976e-001  2.5029826e+000
  5.6375723e-001  2.6231181e+000
  5.6135742e-001  2.6462211e+000
  5.7843307e-001  2.5001813e+000
  5.6471471e-001  2.5396089e+000
  5.6678888e-001  2.6480044e+000
  5.8373458e-001  2.6231402e+000
  5.6607527e-001  2.6191753e+000
  5.7225698e-001  2.6257010e+000
  5.7926817e-001  2.5234686e+000
 -4.5351826e-001  2.5038959e+000
 -4.4917125e-001  2.5451442e+000
 -4.6019977e-001  2.5706190e+000
 -4.4608731e-001  2.3799095e+000
 -4.4087128e-001  2.0245882e+000
 -4.5771435e-001  1.8486744e+000
 -4.3948066e-001  1.5962459e+000
 -4.6057352e-001  1.4371001e+000
 -4.6017733e-001  1.1435385e+000
 -4.6087187e-001  9.3868799e-001
 -4.4971209e-001  8.1016014e-001
 -4.4227444e-001  6.5386728e-001
 -4.5524557e-001  4.1993722e-001
 -4.4344695e-001  3.7179005e-001
 -4.6096039e-001  1.0073708e-001
 -4.5953908e-001  1.3305011e-001
 -4.5909846e-001  4.6197508e-002
 -4.4323998e-001 -4.9755841e-002
 -4.4388448e-001 -1.5229674e-001
 -4.6008943e-001 -3.9545774e-001
 -4.4694445e-001 -3.9872834e-001
 -4.6162024e-001 -5.6067306e-001
 -4.5466143e-001 -4.8743449e-001
 -4.5125155e-001 -5.8665897e-001
 -4.6041127e-001 -6.2124072e-001
 -4.4880415e-001 -6.7258766e-001
 -4.4686001e-001 -8.3669869e-001
 -4.5300467e-001 -8.4995699e-001
 -4.4254337e-001 -8.7692834e-001
 -4.5393017e-001 -8.4961909e-001
 -4.3922856e-001 -8.0740067e-001
 -4.4415962e-001 -9.8999560e-001
 -4.4112026e-001 -1.0142218e+000
 -4.6038518e-001 -1.0418764e+000
 -4.4310483e-001 -9.0399027e-001
 -4.5713010e-001 -1.0147726e+000
 -4.4805981e-001 -9.2402387e-001
 -4.5757667e-001 -1.1153422e+000
 -4.4130768e-001 -1.0366335e+000
 -4.5755925e-001 -1.1200903e+000
 -4.5632049e-001 -1.1579865e+000
 -4.5165969e-001 -1.0414830e+000
 -4.5505740e-001 -1.1254902e+000
 -4.5709229e-001 -1.1632015e+000
 -4.5543844e-001 -1.1423167e+000
 -4.4404008e-001 -1.1932976e+000
 -4.4754757e-001 -1.1608099e+000
 -4.4066606e-001 -1.2072532e+000
 -4.4768741e-001 -1.1662859e+000
 -4.4247526e-001 -1.2082135e+000
 -4.4858576e-001 -1.2298329e+000
 -4.4429117e-001 -1.0516955e+000
 -4.5410756e-001 -1.1074687e+000
 -4.4258227e-001 -1.2328488e+000
 -4.4846287e-001 -1.2378195e+000
 -4.4906682e-001 -1.1151514e+000
 -4.3890622e-001 -1.1181229e+000
 -4.3920175e-001 -1.2252391e+000
 -4.4802287e-001 -1.0665291e+000
 -4.4187490e-001 -1.1463084e+000
 -4.4676162e-001 -1.1501740e+000
 -4.4306435e-001 -1.2088920e+000
 -4.4995328e-001 -1.0927205e+000
 -4.4343981e-001 -1.1051446e+000
 -4.4335317e-001 -1.2455501e+000
 -4.4198864e-001 -1.2545804e+000
 -4.3998851e-001 -1.0847785e+000
 -4.5815933e-001 -1.2101864e+000
 -4.5872175e-001 -1.1555138e+000
  7.9471957e-001 -1.2388268e+000
  7.9383479e-001 -1.1622245e+000
  7.9547393e-001 -9.4168901e-001
  7.8688634e-001 -6.5334270e-001
  7.8914358e-001 -3.8986522e-001
  7.9434724e-001  1.2689970e-001
  8.0859468e-001  5.4179590e-001
  7.9550668e-001  8.3809265e-001
  8.0030030e-001  1.1636172e+000
  7.9836477e-001  1.6092316e+000
  7.8728062e-001  1.7621815e+000
  8.0872175e-001  2.1629828e+000
  7.9210419e-001  2.4324966e+000
  8.0830272e-001  2.6174291e+000
  7.8550181e-001  2.8997671e+000
  7.8573505e-001  3.0886311e+000
  8.0817475e-001  3.3515489e+000
  8.0180960e-001  3.4434882e+000
  8.0763463e-001  3.6495379e+000
  7.9240425e-001  3.7893570e+000
  7.8634117e-001  3.9166000e+000
  8.0521117e-001  3.9867739e+000
  7.9571305e-001  4.0863347e+000
  7.9271410e-001  4.2292909e+000
  8.0663400e-001  4.2603739e+000
  7.9302409e-001  4.3132351e+000
  7.9187538e-001  4.4296903e+000
  7.9599376e-001  4.4895145e+000
  8.0633955e-001  4.5680643e+000
  7.8999676e-001  4.7143710e+000
  8.0641043e-001  4.6346372e+000
  7.9011662e-001  4.6405634e+000
  7.9295462e-001  4.8409876e+000
  7.8754443e-001  4.8482628e+000
  7.9454152e-001  4.7352670e+000
  7.9070661e-001  4.9227516e+000
  8.0844317e-001  4.9228776e+000
  8.0266857e-001  4.8247201e+000
  7.9952976e-001  4.8691806e+000
  7.9271757e-001  5.0038071e+000
  7.9193966e-001  4.9786133e+000
  7.9714271e-001  4.9212904e+000
  7.9051969e-001  5.0176811e+000
  7.9465993e-001  4.9381583e+000
  8.0552816e-001  4.9499649e+000
  7.8785008e-001  4.9642869e+000
  8.0374947e-001  4.9809119e+000
  7.9041615e-001  5.0273264e+000
  7.9189619e-001  5.0762735e+000
  7.8726264e-001  5.1002124e+000
  7.9343421e-001  5.1958608e+000
  7.9768966e-001  5.1794976e+000
  8.0140156e-001  5.1986485e+000
  8.0684711e-001  5.1553459e+000
  7.9104989e-001  5.0318573e+000
  7.8584885e-001  5.2283689e+000
  7.9131156e-001  5.2288956e+000
  7.9741829e-001  5.2277568e+000
  8.0070724e-001  5.2397185e+000
  8.0502304e-001  5.1530812e+000
  7.9273061e-001  5.1772147e+000
  7.8840774e-001  5.1755089e+000
  7.9420438e-001  5.0757550e+000
  7.8666454e-001  5.1252594e+000
  7.9431835e-001  5.2315988e+000
  7.8689295e-001  5.1102171e+000
  7.9035677e-001  5.1910196e+000
  8.0276173e-001  5.1443417e+000
  8.0126584e-001  5.2137178e+000
 -3.9426060e-001  5.1154291e+000
 -3.8126703e-001  5.2282760e+000
 -3.7941888e-001  5.0245749e+000
 -3.8259462e-001  4.6149428e+000
 -3.9168410e-001  4.2586816e+000
 -3.7897721e-001  4.0447769e+000
 -3.8663164e-001  3.6626456e+000
 -3.8637230e-001  3.1766643e+000
 -3.9098286e-001  2.8322958e+000
 -3.9795380e-001  2.5810866e+000
 -3.9017702e-001  2.3134520e+000
 -3.9501495e-001  1.9099208e+000
 -3.9268954e-001  1.6261644e+000
 -3.8212024e-001  1.4531548e+000
 -3.7583324e-001  1.1979217e+000
 -3.9255590e-001  9.5991664e-001
 -3.9779839e-001  7.8480755e-001
 -3.9495566e-001  7.5520725e-001
 -3.9395457e-001  4.5902228e-001
 -3.8474821e-001  3.8865159e-001
 -3.8253940e-001  2.5228888e-001
 -3.9739204e-001  2.1332269e-001
 -3.8538752e-001 -3.8702526e-002
 -3.9484886e-001  6.5414619e-003
 -3.9897688e-001 -1.5889256e-001
 -3.9213388e-001 -2.2327294e-001
 -3.9666664e-001 -3.1856795e-001
 -3.7647631e-001 -3.1025070e-001
 -3.9084778e-001 -4.7487545e-001
 -3.8197123e-001 -3.8557798e-001
 -3.8323638e-001 -5.4572638e-001
 -3.9550641e-001 -5.3966026e-001
 -3.8171444e-001 -6.6006889e-001
 -3.8002631e-001 -6.3146817e-001
 -3.7850829e-001 -7.5822481e-001
 -3.9888638e-001 -6.2244150e-001
 -3.8787401e-001 -7.3532393e-001
 -3.8359618e-001 -7.7613607e-001
 -3.9411341e-001 -6.9528132e-001
 -3.8762210e-001 -8.6616603e-001
 -3.9573857e-001 -8.5138833e-001
 -3.9709032e-001 -8.2661477e-001
 -3.9455789e-001 -8.3053281e-001
 -3.7636947e-001 -7.7780327e-001
 -3.7732210e-001 -8.2977505e-001
 -3.8935648e-001 -9.6017918e-001
 -3.9177815e-001 -8.7959461e-001
 -3.9265000e-001 -8.6025272e-001
 -3.9673007e-001 -9.1964983e-001
 -3.9506647e-001 -8.4289608e-001
 -3.8711915e-001 -8.8725793e-001
 -3.8933627e-001 -9.6018561e-001
 -3.8626107e-001 -9.9307802e-001
 -3.7713162e-001 -8.8128668e-001
 -3.8637978e-001 -9.8584429e-001
 -3.9076035e-001 -1.0450062e+000
 -3.7536416e-001 -1.0446038e+000
 -3.8711740e-001 -8.9935282e-001
 -3.8243885e-001 -9.9144658e-001
 -3.9350166e-001 -9.9196733e-001
 -3.8496790e-001 -9.4127885e-001
 -3.9293400e-001 -1.0232877e+000
 -3.8719740e-001 -9.3930760e-001
 -3.7774292e-001 -9.2334397e-001
 -3.9220407e-001 -9.3546728e-001
 -3.9609794e-001 -1.0722520e+000
 -3.9771285e-001 -9.4290413e-001
 -3.9490662e-001 -9.1997771e-001
 -3.8877838e-001 -1.0256099e+000
  6.9581521e-001 -9.4159196e-001
  7.1350088e-001 -1.0616299e+000
  7.0926223e-001 -7.8413295e-001
  7.0310381e-001 -6.1396160e-001
  6.9200187e-001 -3.3039417e-001
  7.0495059e-001 -2.9910155e-002
  7.0367531e-001  3.2672271e-001
  7.0059768e-001  5.1126283e-001
  6.9212105e-001  8.1239310e-001
  6.9543920e-001  1.0327447e+000
  6.9065032e-001  1.3308597e+000
  6.9907527e-001  1.6183229e+000
  7.0168290e-001  1.8641824e+000
  7.0203618e-001  1.9050531e+000
  6.9494465e-001  2.1058128e+000
  6.9243207e-001  2.3871480e+000
  7.0427433e-001  2.5160705e+000
  7.1249034e-001  2.6656509e+000
  7.1161949e-001  2.7692606e+000
  7.0887227e-001  2.7213191e+000
  7.0283566e-001  2.8911541e+000
  7.0319358e-001  3.0858169e+000
  7.0545325e-001  3.0385849e+000
  7.0510914e-001  3.1135502e+000
  7.0002791e-001  3.2481726e+000
  7.1326856e-001  3.3563904e+000
  7.0407679e-001  3.3228635e+000
  7.0839065e-001  3.3680205e+000
  7.0875054e-001  3.4045062e+000
  6.9502398e-001  3.3995556e+000
  7.0326194e-001  3.5898880e+000
  6.9556605e-001  3.5363316e+000
  7.0219509e-001  3.6764922e+000
  6.9831405e-001  3.5351644e+000
  7.1114089e-001  3.6461028e+000
  7.0541785e-001  3.6764481e+000
  6.9859054e-001  3.6656226e+000
  7.1060931e-001  3.6516013e+000
  7.0618310e-001  3.8148130e+000
  6.9775139e-001  3.6846849e+000
  7.1222104e-001  3.7899977e+000
  7.1262115e-001  3.7705837e+000
  6.9440824e-001  3.7041834e+000
  7.0252647e-001  3.8894793e+000
  7.1055728e-001  3.8888998e+000
  7.1043817e-001  3.8919082e+000
  7.0166532e-001  3.7264030e+000
  7.0375009e-001  3.7527418e+000
  6.9057943e-001  3.9172889e+000
  7.1147466e-001  3.9311017e+000
  7.0363016e-001  3.9332739e+000
  6.9771584e-001  3.8250294e+000
  6.9025996e-001  3.8049077e+000
  6.9731098e-001  3.8822700e+000
  7.0004542e-001  3.8130711e+000
  6.9810065e-001  3.8792559e+000
  7.1410194e-001  3.7831993e+000
  6.9358704e-001  3.9503611e+000
  7.0384888e-001  3.9275947e+000
  7.0112150e-001  3.8623350e+000
  7.1135703e-001  3.9523617e+000
  6.9364250e-001  3.8219947e+000
  7.0586624e-001  3.9598736e+000
  7.0823639e-001  3.8473387e+000
  7.0916516e-001  3.9693026e+000
  6.9888859e-001  3.8620298e+000
  7.1385068e-001  3.8171165e+000
  7.0198513e-001  3.8467610e+000
  7.0113285e-001  3.8305347e+000
  6.1464955e-001  3.9598389e+000
  6.1830158e-001  3.8902039e+000
  6.0779032e-001  3.8819700e+000
  6.0431389e-001  3.8161369e+000
  6.2009486e-001  3.7068637e+000
  6.2399419e-001  3.7100384e+000
  6.1971776e-001  3.6562726e+000
  6.1989870e-001  3.5982260e+000
  6.0470719e-001  3.6019191e+000
  6.1747628e-001  3.5740987e+000
  6.1620408e-001  3.5310302e+000
  6.1295119e-001  3.3431187e+000
  6.0838011e-001  3.4453925e+000
  6.0587371e-001  3.3677162e+000
  6.2301868e-001  3.2929580e+000
  6.0966894e-001  3.3592085e+000
  6.1315250e-001  3.3016339e+000
  6.1889931e-001  3.3279014e+000
  6.1054566e-001  3.2339271e+000
  6.2303596e-001  3.2484043e+000
  6.2256187e-001  3.0763235e+000
  6.2366926e-001  3.2410032e+000
  6.0710578e-001  3.0547130e+000
  6.1504011e-001  3.1801597e+000
  6.2443206e-001  3.1541407e+000
  6.1515006e-001  3.1407487e+000
  6.2196881e-001  3.1260554e+000
  6.0749955e-001  3.0354278e+000
  6.0300283e-001  3.0865869e+000
  6.2458465e-001  2.9649271e+000
  6.2128609e-001  3.1287220e+000
  6.1248941e-001  3.0184038e+000
  6.0867570e-001  3.0086054e+000
  6.0659600e-001  3.0375538e+000
  6.0473207e-001  3.0493777e+000
  6.0336570e-001  3.0158981e+000
  6.1868935e-001  2.9332646e+000
  6.1217822e-001  2.9452503e+000
  6.1068286e-001  3.1071888e+000
  6.1300725e-001  3.0576378e+000
  6.2426560e-001  3.0795583e+000
  6.0950504e-001  3.0575322e+000
  6.2061669e-001  2.9718447e+000
  6.1162178e-001  3.0217787e+000
  6.1872274e-001  3.0349973e+000
  6.1355443e-001  3.0258728e+000
  6.0749479e-001  2.9618922e+000
  6.2137056e-001  2.9851094e+000
  6.1533446e-001  2.9916076e+000
  6.1821583e-001  3.0447025e+000
  6.1061008e-001  2.9695425e+000
  6.1616663e-001  2.9316838e+000
  6.1936036e-001  2.9329025e+000
  6.0424223e-001  2.9099942e+000
  6.0766521e-001  2.9081102e+000
  6.1408216e-001  3.0656398e+000
  6.0779921e-001  2.9168547e+000
  6.2183268e-001  2.9965607e+000
  6.2669792e-001  3.0257504e+000
  6.0627646e-001  3.0155815e+000
  6.1951892e-001  2.9172471e+000
  6.0800816e-001  3.0155144e+000
  6.0749408e-001  3.0115671e+000
  6.0655465e-001  2.8955702e+000
  6.1225160e-001  3.0453715e+000
  6.0580286e-001  2.9553350e+000
  6.0611260e-001  3.0062319e+000
  6.1045640e-001  3.0181705e+000
  6.2324434e-001  2.9534867e+000
 -2.0729825e-002  3.0306698e+000
 -1.3794838e-002  2.9018979e+000
 -1.6726952e-002  2.9287638e+000
 -1.8587005e-002  2.8219855e+000
 -4.9587194e-003  2.6264672e+000
 -1.5633715e-002  2.3409423e+000
 -2.2751133e-002  2.2299607e+000
 -2.1764705e-004  2.0852403e+000
  6.3576037e-004  1.7644338e+000
 -1.5211454e-003  1.7161819e+000
 -1.4637584e-002  1.5479384e+000
 -4.5820990e-003  1.4245020e+000
 -2.1803405e-002  1.3783655e+000
 -2.1548782e-002  1.2227662e+000
 -3.5165035e-004  1.0554605e+000
 -1.6341824e-002  9.1434786e-001
  2.1679343e-004  8.6952598e-001
 -7.3886603e-003  8.1963311e-001
 -5.3377634e-003  6.1852305e-001
  3.7924194e-006  6.8317085e-001
 -8.1381953e-003  5.5307828e-001
 -7.3195554e-003  5.1355194e-001
 -1.7914795e-002  3.8724517e-001
 -1.5278933e-002  4.2361891e-001
 -1.0980109e-002  4.5961146e-001
 -2.0724647e-002  3.9484882e-001
 -1.6748576e-002  2.5350736e-001
 -1.6481402e-002  2.4583344e-001
 -1.1540795e-004  2.0917752e-001
 -1.2777751e-002  2.1067091e-001
 -1.0098595e-002  2.8510117e-001
 -1.9836587e-002  2.2324580e-001
 -7.0709368e-003  2.4498248e-001
 -1.3311310e-002  1.7796853e-001
 -1.2399588e-002  2.1519504e-001
 -1.8481745e-002  1.9637974e-001
 -1.1200631e-002  1.8540999e-001
 -3.6290325e-003  8.9926236e-002
 -8.2039641e-003  7.5919704e-002
 -9.6119334e-003  6.9173447e-002
 -9.5174620e-003  1.3727111e-001
  7.8938942e-004  1.5253890e-001
 -2.2030067e-002 -4.0624361e-002
  5.1997047e-004  7.0074594e-003
 -2.1871256e-002  1.3323151e-001
 -2.0878577e-002  5.8225214e-003
 -7.1501262e-003  4.3019124e-002
 -1.1001987e-002 -1.3098410e-002
 -2.2694198e-002 -5.6258735e-002
 -9.1303686e-003  8.3809865e-002
 -2.8341596e-003  7.1581925e-002
 -1.6608539e-002  5.6035632e-002
 -1.9736604e-002  7.7173359e-002
 -5.4767381e-003 -2.4850319e-002
 -1.6779701e-004 -9.9823838e-002
 -8.1784569e-003  7.3922128e-002
 -1.4256279e-002 -4.3089127e-002
 -1.9441456e-003  8.9331760e-004
  6.5736684e-004  6.8500631e-002
 -2.3002947e-002  7.6229815e-002
 -3.1045997e-004 -1.0805058e-001
 -1.3019624e-002 -4.1327083e-002
 -2.1011411e-002 -5.1290090e-003
  5.0568260e-004  3.1322883e-002
 -8.4578961e-003 -1.1235075e-001
 -4.2829080e-003 -4.7035700e-002
 -2.2946269e-002 -5.9561640e-002
 -8.0092348e-003 -3.4223134e-002
 -2.2675748e-002  1.4676633e-002
 -1.5946135e-001  3.5886013e-002
 -1.7558846e-001 -3.7749838e-002
 -1.6450321e-001  1.2469020e-002
 -1.7041317e-001  3.4930000e-002
 -1.6863102e-001 -1.5030153e-001
 -1.7674881e-001 -1.0169277e-001
 -1.6177546e-001 -1.0917660e-001
 -1.6566005e-001 -1.6242792e-001
 -1.5969956e-001 -1.7233692e-001
 -1.7119951e-001 -1.4521404e-001
 -1.7541237e-001 -1.4134655e-001
 -1.7621093e-001 -2.4356806e-001
 -1.6193065e-001 -1.8900625e-001
 -1.6299399e-001 -2.2104422e-001
 -1.5851350e-001 -2.3673630e-001
 -1.7624981e-001 -3.2959892e-001
 -1.8035833e-001 -2.5630440e-001
 -1.7056436e-001 -2.5879147e-001
 -1.5896402e-001 -4.2532037e-001
 -1.6922140e-001 -3.4678209e-001
 -1.5844009e-001 -4.2655855e-001
 -1.6931672e-001 -3.1411514e-001
 -1.5650195e-001 -3.2492321e-001
 -1.6476156e-001 -4.3593878e-001
 -1.7478464e-001 -4.5698927e-001
 -1.7290511e-001 -4.0380173e-001
 -1.5905286e-001 -4.3344887e-001
 -1.5838493e-001 -4.6051557e-001
 -1.5701458e-001 -2.9356751e-001
 -1.6514289e-001 -3.3785322e-001
 -1.7975644e-001 -4.8234963e-001
 -1.7854910e-001 -4.2951173e-001
 -1.7677682e-001 -3.0219912e-001
 -1.6578284e-001 -4.8436551e-001
 -1.7152942e-001 -4.5273788e-001
 -1.7104586e-001 -3.6578233e-001
 -1.6864414e-001 -4.8980560e-001
 -1.6507766e-001 -3.7699251e-001
 -1.7017688e-001 -3.9593332e-001
 -1.6754919e-001 -3.9746496e-001
 -1.7582313e-001 -5.1017296e-001
 -1.7808640e-001 -4.1014104e-001
 -1.7553310e-001 -4.1903167e-001
 -1.7374705e-001 -4.1284785e-001
 -1.6072725e-001 -3.4341202e-001
 -1.7937566e-001 -3.7635332e-001
 -1.6967145e-001 -4.2281078e-001
 -1.7623515e-001 -3.6250370e-001
 -1.6774169e-001 -4.4883908e-001
 -1.6541032e-001 -3.4862166e-001
 -1.6505141e-001 -3.6545300e-001
 -1.6905279e-001 -4.9256260e-001
 -1.7623786e-001 -3.7348565e-001
 -1.7150838e-001 -4.3504570e-001
 -1.6434364e-001 -3.5892430e-001
 -1.7017433e-001 -3.6580447e-001
 -1.6276278e-001 -3.8767637e-001
 -1.6498891e-001 -3.2593779e-001
 -1.6406694e-001 -4.2571685e-001
 -1.7592010e-001 -3.6135851e-001
 -1.7882672e-001 -3.5460377e-001
 -1.7353471e-001 -4.9300349e-001
 -1.6034828e-001 -3.7708604e-001
 -1.6043784e-001 -3.8507260e-001
 -1.6507134e-001 -4.4670537e-001
 -1.6702593e-001 -3.7015225e-001
 -1.5959498e-001 -5.2062011e-001
 -1.7814635e-001 -3.2725471e-001
 -1.5912889e-001 -4.5911718e-001
  7.6111163e-001 -3.3114112e-001
  7.5423117e-001 -3.6251875e-001
  7.6109775e-001 -2.1634707e-001
  7.6291457e-001 -6.0202245e-002
  7.6913989e-001  2.4912856e-001
  7.5653853e-001  6.1710116e-001
  7.6377697e-001  7.9406897e-001
  7.6512805e-001  1.1728065e+000
  7.5921915e-001  1.5738283e+000
  7.7090669e-001  1.6901376e+000
  7.6169053e-001  1.9885081e+000
  7.6475715e-001  2.3066136e+000
  7.5584566e-001  2.4007325e+000
  7.6461156e-001  2.7526805e+000
  7.6745308e-001  2.8250532e+000
  7.5199262e-001  2.9402983e+000
  7.6379635e-001  3.2607891e+000
  7.5819533e-001  3.3785891e+000
  7.5451690e-001  3.5122310e+000
  7.6802538e-001  3.5070725e+000
  7.5650624e-001  3.6391591e+000
  7.5941230e-001  3.6999875e+000
  7.5880346e-001  3.8345547e+000
  7.6833255e-001  3.8925860e+000
  7.6367160e-001  4.0445266e+000
  7.7099648e-001  4.0212212e+000
  7.5432605e-001  4.0853748e+000
  7.6904786e-001  4.1984723e+000
  7.7462839e-001  4.3103181e+000
  7.5642168e-001  4.2985068e+000
  7.6963957e-001  4.3240298e+000
  7.6471447e-001  4.2560591e+000
  7.5945774e-001  4.3440225e+000
  7.5464016e-001  4.3726715e+000
  7.5597107e-001  4.4594407e+000
  7.7266511e-001  4.3638710e+000
  7.6292673e-001  4.4830792e+000
  7.6852082e-001  4.4333230e+000
  7.6671835e-001  4.5771205e+000
  7.6706859e-001  4.5784668e+000
  7.7206459e-001  4.5558056e+000
  7.6034219e-001  4.5010045e+000
  7.5959820e-001  4.6542438e+000
  7.6831220e-001  4.5218247e+000
  7.6132599e-001  4.5890727e+000
  7.6712232e-001  4.5033557e+000
  7.5615143e-001  4.6572078e+000
  7.7248632e-001  4.6601719e+000
  7.5308273e-001  4.6595806e+000
  7.6309925e-001  4.6804481e+000
  7.6975796e-001  4.7264155e+000
  7.6363949e-001  4.6577853e+000
  7.6292176e-001  4.6786731e+000
  7.6375243e-001  4.7005690e+000
  7.6123736e-001  4.6261553e+000
  7.5900105e-001  4.7287990e+000
  7.7211508e-001  4.7440675e+000
  7.6419580e-001  4.6496090e+000
  7.6124596e-001  4.5978124e+000
  7.5838542e-001  4.7570723e+000
  7.7411894e-001  4.7413399e+000
  7.7153202e-001  4.6534708e+000
  7.7240124e-001  4.6226232e+000
  7.7491204e-001  4.6505247e+000
  7.6290908e-001  4.6023100e+000
  7.7414002e-001  4.7023864e+000
  7.6304534e-001  4.7544322e+000
  7.5932949e-001  4.6743259e+000
  7.5400089e-001  4.7579650e+000
 -3.9448170e-002  4.6062148e+000
 -3.2295089e-002  4.7164260e+000
 -3.8929138e-002  4.5288118e+000
 -3.2507600e-002  4.3490560e+000
 -2.4034440e-002  4.1004426e+000
 -2.9424412e-002  3.7238896e+000
 -2.5037252e-002  3.3840072e+000
 -2.4349865e-002  3.2225911e+000
 -2.5570434e-002  3.0025990e+000
 -3.9793203e-002  2.7132634e+000
 -2.0894171e-002  2.3271838e+000
 -3.7458773e-002  2.2190029e+000
 -3.3593997e-002  2.0611426e+000
 -3.6786537e-002  1.7332719e+000
 -2.9074829e-002  1.6100640e+000
 -2.5278185e-002  1.5276109e+000
 -3.1063973e-002  1.2616367e+000
 -2.8051354e-002  1.2590397e+000
 -2.3167311e-002  1.1525053e+000
 -2.4583276e-002  1.0001010e+000
 -1.9288124e-002  8.6657602e-001
 -3.3028461e-002  7.2127431e-001
 -2.7540398e-002  7.6209995e-001
 -2.8084612e-002  5.7755795e-001
 -2.9025826e-002  5.4799273e-001
 -1.9129938e-002  5.4512721e-001
 -3.0435837e-002  3.7506505e-001
 -3.4580894e-002  4.0296783e-001
 -3.2816130e-002  3.0496923e-001
 -3.6815325e-002  4.1665581e-001
 -2.2458536e-002  2.4460998e-001
 -3.7994711e-002  2.7968775e-001
 -2.6768717e-002  1.4452139e-001
 -2.0025889e-002  2.7256600e-001
 -2.9774087e-002  2.3363063e-001
 -2.8973488e-002  2.3520248e-001
 -3.7715566e-002  1.4112553e-001
 -3.9801206e-002  4.0129052e-002
 -2.6837336e-002  1.8814517e-002
 -3.7738934e-002  1.6280143e-001
 -3.6470544e-002  1.2168287e-001
 -2.3986820e-002  6.6199996e-002
 -3.6155249e-002  4.4289347e-002
 -4.0188736e-002  1.3036159e-001
 -3.4324914e-002  4.9951803e-002
 -4.1034137e-002  9.2297505e-002
 -3.7747715e-002  7.3526188e-002
 -3.1760009e-002  3.4200268e-002
 -3.8411085e-002  3.3728968e-002
 -3.8525823e-002 -4.1138978e-002
 -2.0590772e-002 -5.7587500e-002
 -2.9062810e-002 -8.9314276e-002
 -3.2126134e-002  4.6972448e-002
 -2.5791783e-002  1.0793506e-002
 -2.7648291e-002 -8.6646860e-003
 -2.9918918e-002 -8.4140746e-002
 -2.1767126e-002 -1.3433511e-002
 -2.9682584e-002 -1.2393352e-001
 -1.8497146e-002 -1.1783184e-002
 -3.7628964e-002 -1.8749933e-002
 -2.6534372e-002 -6.7427558e-002
 -2.4223008e-002 -1.1278486e-001
 -4.1217616e-002 -1.0771317e-002
 -3.4859258e-002 -8.1953704e-002
 -2.9936665e-002 -3.2528063e-002
 -3.7188137e-002 -6.8779080e-002
 -4.0206349e-002 -9.7816458e-002
 -2.7476976e-002 -7.1428553e-002
 -3.6312470e-002 -1.3971772e-003
  7.4072353e-001 -1.0773151e-001
  7.3641571e-001 -5.9198896e-002
  7.3824749e-001 -5.9181106e-003
  7.3352615e-001  3.5782065e-001
  7.4779818e-001  5.1003053e-001
  7.3157156e-001  7.1899416e-001
  7.4794913e-001  1.0657479e+000
  7.3282482e-001  1.3494852e+000
  7.5048740e-001  1.5783975e+000
  7.4829975e-001  1.9201224e+000
  7.4299119e-001  2.0476025e+000
  7.3915015e-001  2.2585092e+000
  7.5043706e-001  2.5248289e+000
  7.3371372e-001  2.6785119e+000
  7.4214749e-001  2.8447918e+000
  7.4988426e-001  2.8555851e+000
  7.4505901e-001  3.1490755e+000
  7.3566553e-001  3.2757637e+000
  7.3222111e-001  3.3848184e+000
  7.3271537e-001  3.4843115e+000
  7.3418807e-001  3.5877790e+000
  7.5496569e-001  3.6495968e+000
  7.4506903e-001  3.6903327e+000
  7.4128606e-001  3.7652691e+000
  7.5142759e-001  3.7599675e+000
  7.3502041e-001  3.8394410e+000
  7.5528680e-001  3.8378132e+000
  7.3194153e-001  3.9304891e+000
  7.3718329e-001  3.9407740e+000
  7.3243973e-001  4.0271437e+000
  7.3199050e-001  3.9943751e+000
  7.4078377e-001  4.0993640e+000
  7.3162285e-001  4.1656259e+000
  7.3955132e-001  4.1599430e+000
  7.4726496e-001  4.1029781e+000
  7.4445337e-001  4.2336940e+000
  7.5449055e-001  4.3133350e+000
  7.5026115e-001  4.2138310e+000
  7.4927489e-001  4.2028281e+000
  7.4931825e-001  4.3328321e+000
  7.3782057e-001  4.2199933e+000
  7.3280613e-001  4.3286164e+000
  7.4374283e-001  4.3247993e+000
  7.4340946e-001  4.3034018e+000
  7.4650881e-001  4.3540490e+000
  7.5134381e-001  4.3543635e+000
  7.3643153e-001  4.3959084e+000
  7.5504067e-001  4.2735227e+000
  7.3390635e-001  4.3864408e+000
  7.5501929e-001  4.3515427e+000
  7.3770565e-001  4.3807613e+000
  7.3987571e-001  4.3278825e+000
  7.4791735e-001  4.4501469e+000
  7.5409807e-001  4.4349827e+000
  7.3266267e-001  4.4564234e+000
  7.5372736e-001  4.3434091e+000
  7.4990909e-001  4.3941182e+000
  7.3682239e-001  4.4493904e+000
  7.5420961e-001  4.4984825e+000
  7.5376872e-001  4.3600086e+000
  7.5208051e-001  4.3440222e+000
  7.5238147e-001  4.3911791e+000
  7.3551851e-001  4.4349473e+000
  7.3389388e-001  4.3673779e+000
  7.4990934e-001  4.4024472e+000
  7.3398365e-001  4.4267658e+000
  7.3886053e-001  4.3436313e+000
  7.4765679e-001  4.4182475e+000
  7.3552109e-001  4.4211325e+000
 -7.5381894e-001  4.3156228e+000
 -7.6218971e-001  4.3590148e+000
 -7.6062263e-001  4.3002941e+000
 -7.4936831e-001  3.9793520e+000
 -7.4777226e-001  3.5394486e+000
 -7.3931607e-001  3.1280409e+000
 -7.4098128e-001  2.8745594e+000
 -7.5160900e-001  2.4609316e+000
 -7.6005539e-001  1.9562681e+000
 -7.5715163e-001  1.8003928e+000
 -7.4861625e-001  1.4557891e+000
 -7.5516949e-001  1.0627328e+000
 -7.5046565e-001  8.0555542e-001
 -7.5500074e-001  6.1922345e-001
 -7.5504637e-001  4.0358002e-001
 -7.5777706e-001  2.2244505e-001
 -7.4398047e-001 -9.7719661e-002
 -7.5396914e-001 -2.8685730e-001
 -7.5592191e-001 -4.1432338e-001
 -7.5159182e-001 -4.6724160e-001
 -7.4118577e-001 -6.5352269e-001
 -7.5232502e-001 -8.0504570e-001
 -7.4982633e-001 -8.7387865e-001
 -7.4976751e-001 -1.0105538e+000
 -7.5580893e-001 -1.0338334e+000
 -7.6251268e-001 -1.0602827e+000
 -7.6237111e-001 -1.2990951e+000
 -7.5030880e-001 -1.3244071e+000
 -7.4711929e-001 -1.3636455e+000
 -7.4620210e-001 -1.3110798e+000
 -7.6250346e-001 -1.4317311e+000
 -7.4209821e-001 -1.5183631e+000
 -7.4479356e-001 -1.4582122e+000
 -7.5003189e-001 -1.5052249e+000
 -7.6025204e-001 -1.6785499e+000
 -7.6177809e-001 -1.6760754e+000
 -7.5084302e-001 -1.5720687e+000
 -7.5141992e-001 -1.6684632e+000
 -7.4786381e-001 -1.7491910e+000
 -7.4971630e-001 -1.7510168e+000
 -7.4190159e-001 -1.7273569e+000
 -7.6208534e-001 -1.7936055e+000
 -7.4090718e-001 -1.8269195e+000
 -7.5767442e-001 -1.7515821e+000
 -7.4221060e-001 -1.8948976e+000
 -7.5251155e-001 -1.9025406e+000
 -7.5145642e-001 -1.8780454e+000
 -7.5489990e-001 -1.7977728e+000
 -7.5985749e-001 -1.8936926e+000
 -7.6189170e-001 -1.8296203e+000
 -7.5306532e-001 -1.7803184e+000
 -7.6111442e-001 -1.8931361e+000
 -7.6027102e-001 -1.8112756e+000
 -7.5268263e-001 -1.8065115e+000
 -7.5728903e-001 -1.9439872e+000
 -7.5777518e-001 -1.9902280e+000
 -7.4465440e-001 -1.9487753e+000
 -7.5799472e-001 -1.8380476e+000
 -7.3981952e-001 -1.9695370e+000
 -7.4439047e-001 -1.9407816e+000
 -7.5892915e-001 -1.8396139e+000
 -7.6135714e-001 -1.9707547e+000
 -7.4983837e-001 -1.9852271e+000
 -7.5282667e-001 -1.8394841e+000
 -7.5726649e-001 -2.0050658e+000
 -7.5895209e-001 -1.8968315e+000
 -7.4616686e-001 -1.8947603e+000
 -7.5844854e-001 -1.9969243e+000
 -7.5495642e-001 -1.8928143e+000
  9.1494295e-001 -1.8671902e+000
  9.0878285e-001 -1.8899421e+000
  9.0742583e-001 -1.6036821e+000
  8.9899398e-001 -1.2918424e+000
  9.0467424e-001 -7.2330785e-001
  9.0676000e-001 -1.2750716e-001
  8.9955557e-001  2.9538013e-001
  9.0737214e-001  9.3852346e-001
  9.0509473e-001  1.4457494e+000
  9.1349792e-001  1.9845202e+000
  9.1041935e-001  2.4483167e+000
  9.0065949e-001  2.7548212e+000
  9.1730523e-001  3.0963036e+000
  9.1172733e-001  3.4982914e+000
  9.0850023e-001  3.8855357e+000
  9.1731223e-001  4.2039810e+000
  8.9916104e-001  4.4302806e+000
  9.0726125e-001  4.6082195e+000
  9.0178115e-001  4.9228034e+000
  9.1678895e-001  5.1064183e+000
  8.9945241e-001  5.2020055e+000
  9.1763837e-001  5.4217389e+000
  9.1712395e-001  5.6552276e+000
  9.1895189e-001  5.7390215e+000
  9.0409881e-001  5.9140533e+000
  9.0830694e-001  5.9675830e+000
  9.0216378e-001  6.1397021e+000
  9.0236309e-001  6.1044401e+000
  9.0731232e-001  6.1450285e+000
  9.1579828e-001  6.2955723e+000
  8.9687255e-001  6.3528356e+000
  9.0086706e-001  6.5070268e+000
  8.9795145e-001  6.4790190e+000
  9.1300788e-001  6.4933697e+000
  8.9651562e-001  6.5231114e+000
  9.0755153e-001  6.6509647e+000
  8.9850984e-001  6.7553150e+000
  9.0869098e-001  6.6485146e+000
  9.1457346e-001  6.8327352e+000
  9.1433971e-001  6.7680314e+000
  9.0803556e-001  6.7107780e+000
  9.1388754e-001  6.8996620e+000
  9.1256698e-001  6.8843378e+000
  9.0750169e-001  6.7917958e+000
  9.1693823e-001  6.9121801e+000
  9.0018705e-001  6.9467651e+000
  9.0114286e-001  7.0187358e+000
  9.0353914e-001  7.0370377e+000
  8.9625348e-001  7.0522231e+000
  9.0670093e-001  6.9698501e+000
  9.0226419e-001  7.0515873e+000
  9.1878528e-001  7.0483578e+000
  9.0848402e-001  6.9789877e+000
  9.1643296e-001  6.9809665e+000
  9.1241853e-001  7.0227891e+000
  9.1276169e-001  7.0375747e+000
  9.0212540e-001  6.9742845e+000
  9.0938133e-001  7.1155368e+000
  9.1629316e-001  7.0489594e+000
  9.0569167e-001  7.1153064e+000
  9.1291648e-001  6.9917455e+000
  9.0982582e-001  6.9845888e+000
  8.9620355e-001  6.9562448e+000
  9.2005533e-001  6.9594122e+000
  9.0151144e-001  7.1497909e+000
  8.9706758e-001  7.0317325e+000
  9.1608779e-001  6.9743481e+000
  9.0272752e-001  6.9895346e+000
  9.0059637e-001  7.1509681e+000
  8.5785862e-001  7.0426910e+000
  8.7269302e-001  7.1635931e+000
  8.6915422e-001  7.0189319e+000
  8.7364143e-001  6.9218573e+000
  8.6027458e-001  6.9066468e+000
  8.6180946e-001  6.8774640e+000
  8.6110103e-001  6.9032892e+000
  8.7800936e-001  6.7857151e+000
  8.7966082e-001  6.7742171e+000
  8.7853607e-001  6.8426380e+000
  8.7233249e-001  6.7466677e+000
  8.6851287e-001  6.7693107e+000
  8.5720226e-001  6.6432122e+000
  8.7299905e-001  6.7073014e+000
  8.7128103e-001  6.6295585e+000
  8.7207564e-001  6.6702442e+000
  8.7621187e-001  6.5666560e+000
  8.6210568e-001  6.4869134e+000
  8.7359079e-001  6.5026519e+000
  8.5980122e-001  6.5577815e+000
  8.7930610e-001  6.5946064e+000
  8.7089877e-001  6.4943169e+000
  8.7365404e-001  6.4261142e+000
  8.8066331e-001  6.5298094e+000
  8.7101214e-001  6.3860400e+000
  8.6994780e-001  6.4181107e+000
  8.6268460e-001  6.4822974e+000
  8.6286897e-001  6.5206102e+000
  8.6111509e-001  6.4792112e+000
  8.7722405e-001  6.4917682e+000
  8.6612043e-001  6.3982752e+000
  8.6942554e-001  6.4895201e+000
  8.7726085e-001  6.3993587e+000
  8.7125762e-001  6.3045239e+000
  8.8091466e-001  6.3232140e+000
  8.7166256e-001  6.3782568e+000
  8.7291297e-001  6.4859265e+000
  8.7018737e-001  6.3410956e+000
  8.7201099e-001  6.3998742e+000
  8.7424200e-001  6.3054903e+000
  8.5827494e-001  6.4709273e+000
  8.6762983e-001  6.4564637e+000
  8.6475970e-001  6.2838643e+000
  8.6873121e-001  6.4674966e+000
  8.7451793e-001  6.4553251e+000
  8.7129427e-001  6.3523512e+000
  8.5818059e-001  6.2997268e+000
  8.6147912e-001  6.3003957e+000
  8.6861255e-001  6.2824396e+000
  8.7138359e-001  6.3065385e+000
  8.7656974e-001  6.2990090e+000
  8.7515302e-001  6.4359510e+000
  8.7517266e-001  6.4028958e+000
  8.6199499e-001  6.4249910e+000
  8.6901382e-001  6.4289720e+000
  8.7472546e-001  6.2675395e+000
  8.6320390e-001  6.2725466e+000
  8.6008082e-001  6.3411155e+000
  8.6992797e-001  6.2847231e+000
  8.6623460e-001  6.2672094e+000
  8.6664630e-001  6.3735658e+000
  8.6123296e-001  6.2746149e+000
  8.6087505e-001  6.4239207e+000
  8.6483861e-001  6.4501540e+000
  8.6704126e-001  6.4167445e+000
  8.7233142e-001  6.3598457e+000
  8.8034552e-001  6.3696387e+000
  8.5897466e-001  6.3313553e+000
  8.7929831e-001  6.2784804e+000
  5.4466918e-001  6.4205127e+000
  5.2784840e-001  6.2936338e+000
  5.3751471e-001  6.2354007e+000
  5.3523464e-001  6.0238311e+000
  5.4265096e-001  5.8685258e+000
  5.3546338e-001  5.4803103e+000
  5.2888198e-001  5.2480222e+000
  5.3837061e-001  5.0896682e+000
  5.4183210e-001  4.8566290e+000
  5.3571335e-001  4.6246168e+000
  5.2813682e-001  4.3402476e+000
  5.3065514e-001  4.2617539e+000
  5.4341436e-001  4.1619202e+000
  5.3102130e-001  3.9694474e+000
  5.4829519e-001  3.7709023e+000
  5.4962824e-001  3.6182026e+000
  5.2870144e-001  3.5047771e+000
  5.2651957e-001  3.4891945e+000
  5.3575509e-001  3.2251111e+000
  5.4827325e-001  3.2592073e+000
  5.3511532e-001  3.2255659e+000
  5.4133307e-001  3.1538554e+000
  5.3259624e-001  3.0350049e+000
  5.4819384e-001  2.8945317e+000
  5.3584671e-001  2.9792253e+000
  5.2733759e-001  2.7471949e+000
  5.3379821e-001  2.7208607e+000
  5.2722803e-001  2.8296107e+000
  5.4860746e-001  2.6180301e+000
  5.3985915e-001  2.7446804e+000
  5.3275445e-001  2.6992613e+000
  5.4326818e-001  2.6888081e+000
  5.3028920e-001  2.6615916e+000
  5.2692828e-001  2.5446118e+000
  5.4377287e-001  2.5715878e+000
  5.4749319e-001  2.4875116e+000
  5.3515348e-001  2.5304000e+000
  5.3264640e-001  2.5006065e+000
  5.4808026e-001  2.4757643e+000
  5.3414322e-001  2.4723238e+000
  5.3460955e-001  2.4941937e+000
  5.3896447e-001  2.4009558e+000
  5.2934907e-001  2.4933933e+000
  5.3646411e-001  2.4880820e+000
  5.2648593e-001  2.3046712e+000
  5.3228410e-001  2.4623764e+000
  5.3807605e-001  2.4780262e+000
  5.4167213e-001  2.3556372e+000
  5.4002455e-001  2.4353770e+000
  5.2804557e-001  2.3199789e+000
  5.4109684e-001  2.2824802e+000
  5.3307514e-001  2.4348874e+000
  5.4495675e-001  2.3641627e+000
  5.2945861e-001  2.4087728e+000
  5.4386127e-001  2.2858682e+000
  5.4643114e-001  2.2718641e+000
  5.3609680e-001  2.3485897e+000
  5.4677416e-001  2.4000937e+000
  5.3555818e-001  2.3759581e+000
  5.4626151e-001  2.2972380e+000
  5.3935881e-001  2.4277672e+000
  5.3644254e-001  2.3665066e+000
  5.4466682e-001  2.3336174e+000
  5.3913453e-001  2.2442638e+000
  5.3388002e-001  2.3735804e+000
  5.3620247e-001  2.3820283e+000
  5.3192421e-001  2.3942155e+000
  5.4835855e-001  2.3858247e+000
  5.3539820e-001  2.2994274e+000
  3.8058527e-002  2.3446448e+000
  3.7683531e-002  2.3963657e+000
  5.0213418e-002  2.3080647e+000
  4.3745482e-002  2.1105158e+000
  4.0126666e-002  1.9304029e+000
  4.0583596e-002  1.9466362e+000
  4.9752180e-002  1.8185294e+000
  4.3286913e-002  1.5942175e+000
  4.5064280e-002  1.4804323e+000
  3.6782893e-002  1.2966618e+000
  4.2024103e-002  1.1816193e+000
  3.9839357e-002  1.1590278e+000
  3.7122226e-002  1.1273219e+000
  4.9263657e-002  9.0667365e-001
  3.4645903e-002  9.8649094e-001
  3.9909313e-002  9.2268062e-001
  4.7422028e-002  7.8727811e-001
  3.8039445e-002  6.7433277e-001
  4.1443887e-002  5.7275083e-001
  3.3664831e-002  6.3034082e-001
  4.9413951e-002  5.5972816e-001
  4.8961373e-002  5.3184806e-001
  3.3404525e-002  5.3123035e-001
  4.8011661e-002  4.8445917e-001
  2.7592912e-002  3.6632821e-001
  3.9501205e-002  4.6946197e-001
  4.0088022e-002  4.3558809e-001
  3.1245859e-002  3.9200449e-001
  4.6046548e-002  2.2750021e-001
  4.0527781e-002  3.6748707e-001
  4.3843971e-002  1.8373559e-001
  4.7331959e-002  1.6215335e-001
  3.2958078e-002  3.1445601e-001
  3.0097532e-002  2.5562039e-001
  4.9615188e-002  1.9015918e-001
  4.2729429e-002  1.1641157e-001
  4.2327376e-002  1.8770727e-001
  3.8679998e-002  1.3037060e-001
  4.2900705e-002  1.3625177e-001
  4.5481298e-002  1.6016578e-001
  4.7207550e-002  1.6815031e-001
  3.4855126e-002  8.1189899e-002
  3.7956737e-002  1.4007729e-001
  4.8022811e-002  1.4944951e-001
  4.3906739e-002  2.3729673e-001
  3.5691682e-002  1.0506239e-001
  3.8179271e-002  2.3133092e-001
  3.5602151e-002  2.3385775e-001
  2.8097693e-002  1.4497174e-001
  4.6737921e-002  1.6496191e-001
  3.1686282e-002  2.1801683e-001
  3.9581593e-002  1.7000553e-001
  4.7039705e-002  1.3249166e-001
  2.7335771e-002  5.8618959e-002
  4.8744325e-002  5.8112852e-002
  4.5227257e-002  1.1233610e-001
  4.2743516e-002  2.2647710e-002
  4.0492964e-002  2.0194713e-001
  3.5461941e-002  1.8915154e-001
  3.1323764e-002  1.8664126e-001
  3.0653094e-002  2.0715656e-001
  3.7907520e-002  2.4792217e-002
  3.1501195e-002  9.3004651e-002
  4.6048517e-002  9.7264897e-002
  3.8381604e-002  1.5739050e-001
  4.6675315e-002  5.9793776e-002
  3.3719699e-002  1.3679987e-001
  4.7923654e-002  1.9158054e-001
  3.5819365e-002  8.3922957e-002
 -7.7550690e-001  8.2470852e-003
 -7.7627227e-001  1.6753718e-001
 -7.7762462e-001  2.5434818e-002
 -7.7410739e-001 -5.2064610e-002
 -7.7995014e-001 -2.2890932e-001
 -7.7358254e-001 -2.8647871e-001
 -7.8584824e-001 -4.9230370e-001
 -7.8840901e-001 -6.1629720e-001
 -7.8236006e-001 -6.3965016e-001
 -7.7708602e-001 -8.7915240e-001
 -7.8278449e-001 -9.0020237e-001
 -7.8600908e-001 -1.0276597e+000
 -7.7059705e-001 -1.1490376e+000
 -7.8086514e-001 -1.2390648e+000
 -7.7045678e-001 -1.2276359e+000
 -7.7468997e-001 -1.3385255e+000
 -7.8677976e-001 -1.4160665e+000
 -7.7810171e-001 -1.3311408e+000
 -7.7029220e-001 -1.4171107e+000
 -7.8395697e-001 -1.5851019e+000
 -7.8364367e-001 -1.6052271e+000
 -7.8396916e-001 -1.7093569e+000
 -7.9100962e-001 -1.6796169e+000
 -7.6984047e-001 -1.7134640e+000
 -7.7016361e-001 -1.6531890e+000
 -7.7144794e-001 -1.7162053e+000
 -7.7595009e-001 -1.8246016e+000
 -7.7960854e-001 -1.7181183e+000
 -7.8339530e-001 -1.8937297e+000
 -7.8694150e-001 -1.9203623e+000
 -7.9023227e-001 -1.8104101e+000
 -7.6909587e-001 -1.8317206e+000
 -7.7470178e-001 -1.7992068e+000
 -7.8863690e-001 -1.8377658e+000
 -7.7805100e-001 -1.9291806e+000
 -7.7123215e-001 -1.8328693e+000
 -7.7641133e-001 -1.9047231e+000
 -7.8947691e-001 -1.9563391e+000
 -7.7602703e-001 -1.9930225e+000
 -7.8822126e-001 -1.8617427e+000
 -7.8133896e-001 -2.0144009e+000
 -7.6931035e-001 -1.8592780e+000
 -7.7658985e-001 -2.0488526e+000
 -7.9002774e-001 -1.9372250e+000
 -7.7673695e-001 -1.8742801e+000
 -7.8505113e-001 -1.9643650e+000
 -7.7533065e-001 -1.9859855e+000
 -7.8345638e-001 -1.8775823e+000
 -7.9101328e-001 -2.0131280e+000
 -7.7801343e-001 -1.9558582e+000
 -7.8895945e-001 -1.8836273e+000
 -7.8302573e-001 -1.8908181e+000
 -7.8684617e-001 -1.9584028e+000
 -7.9144327e-001 -1.9780012e+000
 -7.9013804e-001 -2.0357803e+000
 -7.8914746e-001 -1.9607086e+000
 -7.7022959e-001 -1.9602504e+000
 -7.8503545e-001 -1.9603156e+000
 -7.7354354e-001 -1.9446537e+000
 -7.7542885e-001 -2.0037550e+000
 -7.8411000e-001 -2.0929038e+000
 -7.8058517e-001 -2.0867577e+000
 -7.8461874e-001 -2.0541961e+000
 -7.7106655e-001 -1.9458740e+000
 -7.8945731e-001 -1.8976650e+000
 -7.6849246e-001 -2.0922205e+000
 -7.8224698e-001 -1.9172938e+000
 -7.8406433e-001 -1.9765426e+000
 -7.7077248e-001 -2.0202925e+000
  4.4840741e-001 -1.9351980e+000
  4.6675659e-001 -2.0053927e+000
  4.4594908e-001 -1.9670904e+000
  4.6259511e-001 -1.6611994e+000
  4.5860538e-001 -1.4895538e+000
  4.5514753e-001 -1.2476760e+000
  4.6094661e-001 -9.4295575e-001
  4.6894715e-001 -8.8326817e-001
  4.5050884e-001 -6.5904718e-001
  4.5015770e-001 -3.7689950e-001
  4.5521478e-001 -2.9903874e-001
  4.5738968e-001 -6.2674932e-002
  4.4643830e-001  1.9756708e-001
  4.4639475e-001  2.0526552e-001
  4.6696130e-001  3.5713492e-001
  4.5726138e-001  4.9826114e-001
  4.5978541e-001  5.8371779e-001
  4.6800356e-001  6.6821078e-001
  4.6496895e-001  8.6833996e-001
  4.6265754e-001  8.5346107e-001
  4.5217017e-001  1.0604059e+000
  4.4921158e-001  1.0022366e+000
  4.6318398e-001  1.0710419e+000
  4.6100305e-001  1.2796446e+000
  4.6250239e-001  1.3295603e+000
  4.6502277e-001  1.3785269e+000
  4.6298717e-001  1.4204219e+000
  4.5329803e-001  1.3429152e+000
  4.6092581e-001  1.3395797e+000
  4.6820260e-001  1.4684899e+000
  4.4665904e-001  1.4551518e+000
  4.4824110e-001  1.4129210e+000
  4.5637224e-001  1.4895068e+000
  4.5997965e-001  1.5963400e+000
  4.6767976e-001  1.5009243e+000
  4.6837741e-001  1.5222610e+000
  4.6481382e-001  1.6884665e+000
  4.5179089e-001  1.5928743e+000
  4.6090417e-001  1.5482539e+000
  4.5946485e-001  1.6818071e+000
  4.5689897e-001  1.7032182e+000
  4.6507212e-001  1.6930867e+000
  4.5200717e-001  1.6583007e+000
  4.4985166e-001  1.6491121e+000
  4.6112293e-001  1.5816196e+000
  4.6701015e-001  1.6935346e+000
  4.4727491e-001  1.7734223e+000
  4.6842152e-001  1.7186163e+000
  4.5469854e-001  1.7437821e+000
  4.4736888e-001  1.6538842e+000
  4.6473378e-001  1.7525329e+000
  4.5473483e-001  1.7215525e+000
  4.5551139e-001  1.6608056e+000
  4.4892866e-001  1.7388746e+000
  4.5416153e-001  1.6429160e+000
  4.6495614e-001  1.6523982e+000
  4.6699793e-001  1.8289489e+000
  4.6506708e-001  1.6713624e+000
  4.6785869e-001  1.7836250e+000
  4.6482444e-001  1.7302172e+000
  4.6040603e-001  1.6549229e+000
  4.4612083e-001  1.8379514e+000
  4.4915613e-001  1.7335609e+000
  4.6396371e-001  1.6746890e+000
  4.6037226e-001  1.8041882e+000
  4.5096423e-001  1.6956781e+000
  4.5214032e-001  1.6563447e+000
  4.5404114e-001  1.8264969e+000
  4.5054445e-001  1.6728104e+000
  6.8230589e-001  1.8391694e+000
  6.7821210e-001  1.7564097e+000
  6.8489524e-001  1.8425489e+000
  6.8935933e-001  1.8652315e+000
  6.7870557e-001  2.0897960e+000
  6.9052448e-001  2.0373572e+000
  6.8137502e-001  2.2744644e+000
  6.7216473e-001  2.3200725e+000
  6.8481088e-001  2.5603795e+000
  6.8557829e-001  2.5710109e+000
  6.8200631e-001  2.7188048e+000
  6.8839186e-001  2.7816522e+000
  6.9187312e-001  2.9218902e+000
  6.7483053e-001  2.8681413e+000
  6.8975704e-001  2.8968434e+000
  6.7672698e-001  3.1109689e+000
  6.8988373e-001  3.1976501e+000
  6.9097920e-001  3.1236901e+000
  6.7650388e-001  3.2981398e+000
  6.8836042e-001  3.2895180e+000
  6.8741947e-001  3.3295749e+000
  6.9159433e-001  3.3698010e+000
  6.9334373e-001  3.2580933e+000
  6.8888874e-001  3.4153620e+000
  6.8576651e-001  3.3730171e+000
  6.8457580e-001  3.3509098e+000
  6.9127835e-001  3.4674495e+000
  6.9323923e-001  3.4523727e+000
  6.7399844e-001  3.4769015e+000
  6.7851839e-001  3.4911230e+000
  6.8275609e-001  3.4843735e+000
  6.7482775e-001  3.4944791e+000
  6.8506484e-001  3.4957355e+000
  6.8318444e-001  3.6542829e+000
  6.9294410e-001  3.5922291e+000
  6.8852367e-001  3.5242203e+000
  6.7779445e-001  3.5829817e+000
  6.8247298e-001  3.6345286e+000
  6.8971935e-001  3.6545040e+000
  6.9297841e-001  3.6505855e+000
  6.8892838e-001  3.6598062e+000
  6.8379549e-001  3.5364370e+000
  6.7341854e-001  3.6829494e+000
  6.7789161e-001  3.7211881e+000
  6.8005849e-001  3.5909971e+000
  6.9337002e-001  3.7083348e+000
  6.8320571e-001  3.7028606e+000
  6.9338313e-001  3.5961498e+000
  6.9336406e-001  3.6063027e+000
  6.9003629e-001  3.5755921e+000
  6.9040497e-001  3.6922146e+000
  6.7703909e-001  3.6392800e+000
  6.7397078e-001  3.7148652e+000
  6.7814017e-001  3.5571119e+000
  6.8165821e-001  3.5866288e+000
  6.8027268e-001  3.7257849e+000
  6.8157088e-001  3.6337733e+000
  6.8626347e-001  3.6734487e+000
  6.9029453e-001  3.7324744e+000
  6.7651801e-001  3.5700694e+000
  6.7734544e-001  3.5933946e+000
  6.7012484e-001  3.7006977e+000
  6.8347457e-001  3.6836512e+000
  6.8598837e-001  3.6690449e+000
  6.7703330e-001  3.6881063e+000
  6.8117519e-001  3.5906088e+000
  6.9367276e-001  3.7123288e+000
  6.7958490e-001  3.6320350e+000
  6.8282972e-001  3.6353421e+000
 -1.4223190e-001  3.7680458e+000
 -1.4671150e-001  3.7361929e+000
 -1.5918331e-001  3.4557271e+000
 -1.4374574e-001  3.4130825e+000
 -1.4322390e-001  3.1895338e+000
 -1.5166033e-001  2.8839200e+000
 -1.4270244e-001  2.5849013e+000
 -1.4268975e-001  2.3911653e+000
 -1.5029165e-001  2.2268938e+000
 -1.4770083e-001  2.0020164e+000
 -1.4113983e-001  1.7346778e+000
 -1.5070400e-001  1.5595710e+000
 -1.3970761e-001  1.4015106e+000
 -1.4933601e-001  1.2674420e+000
 -1.4573432e-001  1.1610807e+000
 -1.5785091e-001  9.0137686e-001
 -1.4516845e-001  8.0466536e-001
 -1.3996258e-001  8.1188592e-001
 -1.4390595e-001  5.7300645e-001
 -1.5970271e-001  6.3242113e-001
 -1.6074430e-001  3.7412488e-001
 -1.5510292e-001  3.9268790e-001
 -1.4828539e-001  2.5111677e-001
 -1.4226718e-001  3.0178369e-001
 -1.4902939e-001  2.2830375e-001
 -1.4862741e-001  2.3364142e-001
 -1.5189959e-001  4.9878280e-002
 -1.5520868e-001  1.0687023e-001
 -1.3829420e-001 -2.9627944e-002
 -1.4874239e-001  3.1263779e-002
 -1.4152920e-001 -1.4385735e-001
 -1.4401678e-001 -1.5936497e-001
 -1.5983042e-001 -1.7174595e-001
 -1.3946977e-001 -7.9246933e-002
 -1.5508354e-001 -6.6052829e-002
 -1.3749113e-001 -1.9437629e-001
 -1.3956579e-001 -1.7273947e-001
 -1.3784622e-001 -2.0515085e-001
 -1.4418332e-001 -2.0952087e-001
 -1.4997695e-001 -2.7674825e-001
 -1.3976544e-001 -3.0830134e-001
 -1.3842051e-001 -2.2976554e-001
 -1.3687582e-001 -3.7011977e-001
 -1.4750292e-001 -3.7940485e-001
 -1.5774307e-001 -3.4470967e-001
 -1.4367230e-001 -3.8431087e-001
 -1.5429288e-001 -2.4487214e-001
 -1.4067335e-001 -3.4664197e-001
 -1.5805279e-001 -4.1247214e-001
 -1.4623986e-001 -3.7758796e-001
 -1.4464617e-001 -3.2463848e-001
 -1.4669314e-001 -2.5190813e-001
 -1.4771205e-001 -3.0206146e-001
 -1.5583552e-001 -2.5855973e-001
 -1.5644544e-001 -2.7154495e-001
 -1.5081482e-001 -4.1792099e-001
 -1.5281299e-001 -3.5992391e-001
 -1.5056348e-001 -2.6087351e-001
 -1.4335358e-001 -3.9089587e-001
 -1.5085374e-001 -3.2486206e-001
 -1.6071833e-001 -2.7323712e-001
 -1.4551678e-001 -3.4724636e-001
 -1.3860358e-001 -4.2436402e-001
 -1.4845032e-001 -3.8098382e-001
 -1.5384919e-001 -2.6797665e-001
 -1.5197748e-001 -3.0068205e-001
 -1.3999007e-001 -4.3872849e-001
 -1.3989718e-001 -2.7054797e-001
 -1.3939951e-001 -3.3666158e-001
  6.7161564e-001 -4.2417236e-001
  6.8074333e-001 -3.9491084e-001
  6.6953803e-001 -1.6522537e-001
  6.8295886e-001  1.3060785e-002
  6.7842609e-001  8.5922218e-002
  6.7643366e-001  3.2933006e-001
  6.7114376e-001  7.0624680e-001
  6.7629382e-001  8.9976887e-001
  6.8144352e-001  1.0624146e+000
  6.6943255e-001  1.3654231e+000
  6.6840934e-001  1.5253014e+000
  6.6924767e-001  1.7875558e+000
  6.7062517e-001  1.9603610e+000
  6.8101896e-001  2.0725723e+000
  6.7750164e-001  2.2713322e+000
  6.7718234e-001  2.2437173e+000
  6.8411532e-001  2.3596903e+000
  6.7585561e-001  2.5488724e+000
  6.6988463e-001  2.5756165e+000
  6.8387792e-001  2.6770305e+000
  6.6555582e-001  2.7266654e+000
  6.6801316e-001  2.8175115e+000
  6.8482588e-001  2.9922101e+000
  6.7943709e-001  3.0540562e+000
  6.6860365e-001  3.1069253e+000
  6.8731790e-001  3.0851731e+000
  6.8476095e-001  3.2410943e+000
  6.8679927e-001  3.1470462e+000
  6.7673654e-001  3.2731885e+000
  6.7509599e-001  3.2942769e+000
  6.8737513e-001  3.2970720e+000
  6.7056927e-001  3.4228969e+000
  6.7223579e-001  3.4117750e+000
  6.7585839e-001  3.4859771e+000
  6.8768062e-001  3.3652256e+000
  6.8399772e-001  3.3704179e+000
  6.7560717e-001  3.4886044e+000
  6.7868491e-001  3.4530861e+000
  6.8376289e-001  3.5162425e+000
  6.8715605e-001  3.4760760e+000
  6.6973976e-001  3.4788751e+000
  6.6923093e-001  3.6098925e+000
  6.6793681e-001  3.5319860e+000
  6.7924592e-001  3.4599213e+000
  6.7659178e-001  3.5468495e+000
  6.8011676e-001  3.4531574e+000
  6.7206733e-001  3.5862652e+000
  6.6940359e-001  3.5611518e+000
  6.7538188e-001  3.6364569e+000
  6.8146478e-001  3.5920330e+000
  6.7002963e-001  3.4934014e+000
  6.7207592e-001  3.6241102e+000
  6.6636181e-001  3.5569691e+000
  6.7099055e-001  3.5441229e+000
  6.8793923e-001  3.6739277e+000
  6.8741493e-001  3.5081518e+000
  6.7577531e-001  3.5792768e+000
  6.7124894e-001  3.6893628e+000
  6.8437804e-001  3.6083734e+000
  6.6651711e-001  3.5700056e+000
  6.6999088e-001  3.6906918e+000
  6.7937458e-001  3.6886730e+000
  6.7128071e-001  3.6858951e+000
  6.7572017e-001  3.5890978e+000
  6.6556360e-001  3.6142538e+000
  6.8466438e-001  3.5591462e+000
  6.7739398e-001  3.5328167e+000
  6.8062117e-001  3.5266567e+000
  6.7004331e-001  3.7105152e+000
  4.1355494e-001  3.6476936e+000
  4.2481907e-001  3.6303967e+000
  4.1559298e-001  3.5015728e+000
  4.1405731e-001  3.5389547e+000
  4.2488519e-001  3.3764913e+000
  4.1031969e-001  3.1718955e+000
  4.2836662e-001  3.0741776e+000
  4.2763388e-001  2.9671687e+000
  4.2821206e-001  2.9032789e+000
  4.2849668e-001  2.7849259e+000
  4.1725942e-001  2.6659981e+000
  4.2642853e-001  2.4678866e+000
  4.2627292e-001  2.4582793e+000
  4.1175511e-001  2.3484589e+000
  4.1768576e-001  2.3419689e+000
  4.2017526e-001  2.1272115e+000
  4.1571942e-001  2.1961717e+000
  4.2145005e-001  2.1304446e+000
  4.1509922e-001  2.0980933e+000
  4.2779445e-001  1.9202476e+000
  4.1953703e-001  1.9818129e+000
  4.1196002e-001  1.9284578e+000
  4.0958727e-001  1.8470502e+000
  4.2320417e-001  1.7812752e+000
  4.2032564e-001  1.8824633e+000
  4.2826165e-001  1.7798751e+000
  4.1357790e-001  1.7956906e+000
  4.2346308e-001  1.8112395e+000
  4.2357138e-001  1.8067696e+000
  4.2103904e-001  1.7868137e+000
  4.1177994e-001  1.7031726e+000
  4.2965714e-001  1.7688298e+000
  4.0932164e-001  1.7646599e+000
  4.1194089e-001  1.7126929e+000
  4.3088601e-001  1.7374291e+000
  4.1463543e-001  1.5665967e+000
  4.1341948e-001  1.5611560e+000
  4.3086048e-001  1.6900491e+000
  4.1555545e-001  1.5724005e+000
  4.2458982e-001  1.6663681e+000
  4.2005547e-001  1.5915406e+000
  4.2715705e-001  1.6879232e+000
  4.1466079e-001  1.5156671e+000
  4.1486170e-001  1.6046792e+000
  4.0851652e-001  1.5475985e+000
  4.1383168e-001  1.5611927e+000
  4.2612708e-001  1.6392991e+000
  4.2632098e-001  1.6525226e+000
  4.2913418e-001  1.5993267e+000
  4.1458335e-001  1.5540146e+000
  4.1295279e-001  1.5511476e+000
  4.2893402e-001  1.4569554e+000
  4.0808647e-001  1.4870298e+000
  4.0734039e-001  1.6180907e+000
  4.2252595e-001  1.5480991e+000
  4.2407357e-001  1.5819978e+000
  4.2339833e-001  1.4810425e+000
  4.2405839e-001  1.4967573e+000
  4.2246291e-001  1.5827986e+000
  4.1795625e-001  1.5252084e+000
  4.1092840e-001  1.5780278e+000
  4.2614899e-001  1.5439816e+000
  4.1430659e-001  1.6254773e+000
  4.1743841e-001  1.4667568e+000
  4.1280060e-001  1.5686444e+000
  4.1460907e-001  1.4977298e+000
  4.1000374e-001  1.6262015e+000
  4.2969448e-001  1.6349312e+000
  4.0832129e-001  1.4956947e+000
  1.4869217e-001  1.5138106e+000
  1.6052276e-001  1.5215311e+000
  1.4027298e-001  1.4262375e+000
  1.5426784e-001  1.4759172e+000
  1.3772605e-001  1.2894199e+000
  1.6117683e-001  1.3071577e+000
  1.4137468e-001  1.3421869e+000
  1.5698531e-001  1.1675127e+000
  1.6017157e-001  1.1187966e+000
  1.4798736e-001  1.0285564e+000
  1.5550175e-001  1.0428328e+000
  1.6153537e-001  9.1938884e-001
  1.3779603e-001  9.5243105e-001
  1.5318276e-001  9.5355446e-001
  1.6140797e-001  7.6438639e-001
  1.5098493e-001  6.9670072e-001
  1.5947252e-001  6.8144997e-001
  1.4921618e-001  6.5328026e-001
  1.4414725e-001  7.2078123e-001
  1.5461989e-001  7.2019215e-001
  1.5537096e-001  7.0442123e-001
  1.5149343e-001  6.5768477e-001
  1.4590714e-001  5.5044888e-001
  1.5446474e-001  6.5324061e-001
  1.5161165e-001  5.9589227e-001
  1.4507642e-001  5.8263778e-001
  1.5019199e-001  5.2462452e-001
  1.6096305e-001  6.2462114e-001
  1.6039192e-001  4.4322166e-001
  1.5174383e-001  4.6120317e-001
  1.4675725e-001  4.0883878e-001
  1.5806380e-001  5.1512726e-001
  1.4821064e-001  4.5182111e-001
  1.5436732e-001  5.4117184e-001
  1.4521614e-001  5.2453569e-001
  1.4266467e-001  5.2527453e-001
  1.3780149e-001  5.1906984e-001
  1.3934633e-001  4.5098845e-001
  1.3914310e-001  4.4423643e-001
  1.5376036e-001  4.7544512e-001
  1.5703607e-001  5.2562245e-001
  1.4722426e-001  5.0365897e-001
  1.4401826e-001  3.5587364e-001
  1.3993842e-001  3.4715223e-001
  1.4550804e-001  4.1027895e-001
  1.4036450e-001  4.4897986e-001
  1.5637752e-001  4.4680586e-001
  1.5205174e-001  4.8478371e-001
  1.4947338e-001  5.0955420e-001
  1.4179190e-001  5.0824744e-001
  1.5283912e-001  3.7127404e-001
  1.4027022e-001  3.7682325e-001
  1.4675489e-001  4.9551044e-001
  1.3899419e-001  3.6384788e-001
  1.3836561e-001  4.9674227e-001
  1.5847351e-001  4.4154686e-001
  1.5352187e-001  4.3665751e-001
  1.5023578e-001  4.6460347e-001
  1.4603051e-001  5.0129477e-001
  1.4844368e-001  3.7139926e-001
  1.4682069e-001  3.2248235e-001
  1.4868597e-001  4.4599990e-001
  1.5997878e-001  3.3613632e-001
  1.5127385e-001  4.3029262e-001
  1.5691093e-001  3.2675362e-001
  1.4578761e-001  3.2869061e-001
  1.5111824e-001  4.4583139e-001
  1.3968350e-001  5.0394818e-001
  1.5057159e-001  4.3488454e-001
 -1.9147066e-001  4.3894097e-001
 -1.9746953e-001  3.7791155e-001
 -1.8652524e-001  3.8199676e-001
 -1.9594111e-001  4.0152470e-001
 -1.9797941e-001  2.3235569e-001
 -1.8334775e-001  2.7314145e-001
 -1.9010567e-001  1.5971344e-001
 -1.8310819e-001  1.0449496e-001
 -1.9679552e-001  6.6037748e-002
 -1.8711992e-001 -4.3519522e-002
 -1.9550637e-001 -6.2968966e-002
 -1.9107791e-001 -1.5457402e-002
 -1.9331255e-001  7.3523112e-003
 -1.9673560e-001 -1.9895019e-001
 -1.9618283e-001 -1.4601949e-001
 -1.9879121e-001 -1.4764495e-001
 -1.9805181e-001 -1.8745622e-001
 -1.9629683e-001 -2.2349133e-001
 -1.8506033e-001 -2.4712519e-001
 -1.8638334e-001 -2.7802775e-001
 -1.8191326e-001 -3.8935190e-001
 -1.7819388e-001 -3.4441580e-001
 -1.7988740e-001 -2.3035258e-001
 -1.9647321e-001 -2.6653056e-001
 -1.8366324e-001 -3.8836151e-001
 -1.8592719e-001 -3.4621805e-001
 -1.7673834e-001 -4.6978984e-001
 -1.8777042e-001 -2.8249944e-001
 -1.9832340e-001 -2.9658778e-001
 -1.8692963e-001 -3.9825758e-001
 -1.9896841e-001 -3.5205561e-001
 -1.9914838e-001 -4.6173620e-001
 -1.8153711e-001 -3.9278498e-001
 -1.8874640e-001 -5.0621841e-001
 -1.8240028e-001 -3.5056362e-001
 -1.7627817e-001 -3.9983937e-001
 -1.9065128e-001 -4.6479239e-001
 -1.9651626e-001 -5.0282754e-001
 -1.8492841e-001 -3.6449152e-001
 -1.7860793e-001 -4.7017097e-001
 -1.9627951e-001 -4.4882591e-001
 -1.7713262e-001 -3.7474284e-001
 -1.8015767e-001 -3.8118680e-001
 -1.9674338e-001 -5.0294887e-001
 -1.9031009e-001 -5.3243996e-001
 -1.7902642e-001 -5.1893210e-001
 -1.8351020e-001 -5.3132523e-001
 -1.9424092e-001 -4.2887219e-001
 -1.9760557e-001 -4.8162450e-001
 -1.8187986e-001 -4.0409052e-001
 -1.9056794e-001 -5.3566939e-001
 -1.8949462e-001 -5.1966298e-001
 -1.9369147e-001 -5.4317298e-001
 -1.8226521e-001 -4.1475767e-001
 -1.9526039e-001 -4.2204381e-001
 -1.7738769e-001 -3.7601125e-001
 -1.9661029e-001 -4.0501850e-001
 -1.9533411e-001 -4.6096272e-001
 -1.9955191e-001 -5.1651785e-001
 -1.8360314e-001 -3.8043562e-001
 -1.9771278e-001 -4.2630550e-001
 -1.9013330e-001 -5.6131431e-001
 -1.9496743e-001 -5.6135613e-001
 -1.8040674e-001 -3.7564616e-001
 -1.7892686e-001 -4.0387912e-001
 -1.8841479e-001 -5.2492203e-001
 -1.8586063e-001 -4.1045698e-001
 -1.7801121e-001 -4.5786282e-001
 -1.9322368e-001 -5.7232512e-001
  1.9756544e-001 -4.4606687e-001
  1.9910228e-001 -5.3911642e-001
  1.9988506e-001 -5.1874706e-001
  2.1072140e-001 -4.8132136e-001
  1.9964417e-001 -2.3205459e-001
  1.9331321e-001 -2.4148038e-001
  1.9478216e-001 -1.6062562e-001
  2.0691460e-001 -8.3411168e-002
  1.9231020e-001 -1.7856795e-001
  1.9054542e-001  5.9565784e-002
  1.9834067e-001  9.9261026e-002
  1.9491792e-001  2.3859323e-002
  2.0612299e-001  1.7410651e-001
  2.0604798e-001  2.4970540e-001
  2.0890090e-001  1.5960685e-001
  2.1013968e-001  2.9074278e-001
  2.0787176e-001  3.5565555e-001
  2.1247978e-001  3.8160167e-001
  1.9289791e-001  3.4018322e-001
  1.8928484e-001  3.9304916e-001
  1.9162652e-001  3.0446831e-001
  2.0446590e-001  2.9737231e-001
  1.9264197e-001  4.6406427e-001
  1.9311699e-001  3.3750047e-001
  1.9308712e-001  3.3715966e-001
  1.9033404e-001  4.8524979e-001
  2.0994475e-001  4.3336101e-001
  1.9651961e-001  5.1223782e-001
  1.9993238e-001  4.8517646e-001
  2.0308695e-001  4.9249831e-001
  1.9033863e-001  5.5005454e-001
  1.9610421e-001  4.3749490e-001
  2.0139813e-001  4.1502280e-001
  2.1277174e-001  4.4008691e-001
  1.9695479e-001  5.9002835e-001
  2.0176446e-001  5.7936312e-001
  1.9502231e-001  5.8764288e-001
  2.0952277e-001  4.5176562e-001
  2.0683053e-001  5.4607053e-001
  2.1193466e-001  5.5884061e-001
  1.9781761e-001  4.7400060e-001
  1.9140230e-001  5.6164740e-001
  1.9553361e-001  4.7904737e-001
  2.0482390e-001  4.8909844e-001
  1.9863949e-001  6.1971005e-001
  1.8951664e-001  6.0441122e-001
  2.0583006e-001  6.0486447e-001
  2.0130071e-001  4.7454880e-001
  2.1143966e-001  4.8381155e-001
  2.1089090e-001  5.3395740e-001
  2.0786124e-001  4.8792183e-001
  1.9388260e-001  6.0554080e-001
  2.0651062e-001  5.6955568e-001
  2.0668125e-001  4.8421516e-001
  2.0828382e-001  5.8604342e-001
  2.0503758e-001  5.3915212e-001
  2.1172936e-001  5.4655123e-001
  1.9990982e-001  6.1373891e-001
  2.0940589e-001  6.7288335e-001
  2.0378378e-001  5.9596335e-001
  2.0121230e-001  5.4342149e-001
  2.0054936e-001  4.8034824e-001
  2.1201137e-001  6.1201882e-001
  1.9279863e-001  5.1325832e-001
  1.9428053e-001  6.4192905e-001
  2.0942062e-001  5.7259993e-001
  2.0622609e-001  6.3932033e-001
  2.0357824e-001  6.1279115e-001
  2.0035991e-001  6.2268072e-001
 -3.9504566e-001  6.4119622e-001
 -3.9829656e-001  6.0422360e-001
 -3.9141322e-001  5.7435373e-001
 -3.9752938e-001  3.7647627e-001
 -4.0442143e-001  3.2775655e-001
 -4.0745614e-001  3.2183307e-001
 -4.0889370e-001  2.6565061e-001
 -4.0590357e-001  5.3269523e-002
 -3.9217768e-001 -7.2744236e-002
 -4.0111635e-001 -6.3057446e-002
 -4.0590832e-001 -1.5193050e-001
 -4.0171561e-001 -3.2057754e-001
 -3.8794442e-001 -2.6042980e-001
 -4.0009623e-001 -4.6577274e-001
 -4.0026921e-001 -4.6232751e-001
 -4.0218995e-001 -4.8604750e-001
 -3.9582878e-001 -5.0769935e-001
 -3.9140510e-001 -5.1194989e-001
 -4.0586365e-001 -5.9822021e-001
 -3.9192581e-001 -6.3547700e-001
 -4.0182205e-001 -7.3262833e-001
 -3.8843046e-001 -6.4566796e-001
 -4.0123155e-001 -8.5070882e-001
 -4.0074269e-001 -7.2255403e-001
 -3.8953421e-001 -8.2042177e-001
 -3.9273242e-001 -9.2228417e-001
 -3.9238452e-001 -9.2956352e-001
 -3.9738154e-001 -8.5949400e-001
 -3.8995324e-001 -8.9193415e-001
 -4.0131336e-001 -9.0439813e-001
 -3.9026610e-001 -8.0729063e-001
 -3.9372798e-001 -8.7013819e-001
 -4.0663091e-001 -9.0242789e-001
 -4.0878715e-001 -9.9633564e-001
 -3.9561152e-001 -9.2007377e-001
 -3.9389350e-001 -1.0182563e+000
 -4.0769440e-001 -9.9969337e-001
 -3.9718676e-001 -1.0063942e+000
 -3.8949513e-001 -9.4269235e-001
 -4.0860822e-001 -1.0289685e+000
 -4.0549291e-001 -9.1410546e-001
 -4.0306913e-001 -1.0396022e+000
 -4.0461569e-001 -9.2894955e-001
 -3.9222193e-001 -9.3760894e-001
 -3.8849434e-001 -9.4374105e-001
 -4.0266594e-001 -1.0446511e+000
 -3.9935598e-001 -1.0821667e+000
 -3.9158692e-001 -9.2849155e-001
 -4.0379114e-001 -1.0672235e+000
 -3.8851219e-001 -1.0869572e+000
 -4.0412083e-001 -9.5348789e-001
 -4.0546361e-001 -9.2320590e-001
 -3.9857661e-001 -9.6939150e-001
 -4.0258268e-001 -1.0011767e+000
 -4.0593723e-001 -9.2379129e-001
 -3.9383502e-001 -9.8086697e-001
 -4.0620310e-001 -9.5699126e-001
 -3.8740245e-001 -9.5351303e-001
 -3.9564936e-001 -1.0979252e+000
 -3.9573863e-001 -9.8512803e-001
 -4.0852004e-001 -9.5334759e-001
 -3.9719701e-001 -1.0741395e+000
 -3.9452241e-001 -1.1130302e+000
 -3.9183937e-001 -9.2422806e-001
 -4.0574686e-001 -1.0582668e+000
 -3.9610167e-001 -9.4717011e-001
 -3.9036119e-001 -9.5154338e-001
 -4.0963595e-001 -9.4701346e-001
 -3.9625220e-001 -9.9248230e-001
  2.5093701e-002 -1.0119033e+000
  3.3827095e-002 -9.8103805e-001
  4.3828544e-002 -1.0480660e+000
  4.2187825e-002 -9.8008718e-001
  2.9721675e-002 -8.3064631e-001
  2.3115389e-002 -7.5901606e-001
  2.4452198e-002 -7.6567078e-001
  3.2765401e-002 -7.6190261e-001
  3.4086015e-002 -5.7680860e-001
  3.7185580e-002 -5.5545277e-001
  3.0953939e-002 -4.1814054e-001
  4.0432054e-002 -3.5507830e-001
  3.6119912e-002 -3.2539155e-001
  3.5515933e-002 -3.5314260e-001
  2.9559628e-002 -4.0170682e-001
  3.9840223e-002 -2.6665593e-001
  3.5354308e-002 -1.7113499e-001
  2.9208939e-002 -1.6100561e-001
  3.9989005e-002 -1.3586291e-001
  2.4092290e-002 -1.7358973e-001
  4.3285570e-002 -2.2108135e-001
  4.3135767e-002 -1.0392984e-001
  3.7581643e-002 -1.3531894e-001
  4.5243717e-002 -1.2315556e-002
  4.3884924e-002 -6.7311957e-002
  3.2200261e-002 -2.5606861e-002
  3.3208269e-002 -8.1543223e-003
  4.5157393e-002  3.6457158e-002
  2.5449139e-002 -8.8539191e-002
  3.5688681e-002  4.7312290e-002
  3.3194177e-002  4.7335991e-002
  3.5139343e-002  8.0930232e-002
  2.9900954e-002 -5.6433916e-002
  2.9869370e-002  5.0048592e-002
  2.7787159e-002 -9.6370289e-003
  3.9433729e-002  7.1305229e-002
  4.2738833e-002  1.1449745e-001
  2.6555073e-002  3.4940965e-002
  4.3425830e-002  5.9294250e-002
  2.7642591e-002 -3.8262455e-002
  3.7866921e-002 -4.1234508e-002
  3.0710563e-002  9.4312736e-002
  3.6488615e-002 -4.3134455e-003
  4.4930755e-002  1.1932529e-001
  4.5500554e-002  1.8786849e-002
  3.4402564e-002  4.6804552e-002
  2.9095491e-002 -1.4991377e-002
  3.6345550e-002  1.6498250e-001
  4.2811787e-002  1.3262653e-001
  3.7276401e-002  2.8408780e-002
  4.6827502e-002  5.4122778e-002
  2.3923732e-002  7.0392557e-002
  3.1175631e-002  1.3339868e-001
  2.7468404e-002  8.2056665e-002
  4.3491799e-002  1.7806139e-001
  4.3036888e-002  1.5506227e-001
  4.1522650e-002  1.2681639e-001
  4.2079414e-002  8.5451036e-002
  2.7198374e-002  1.2328477e-001
  2.8478174e-002  1.0676934e-001
  3.6270447e-002  1.4681814e-001
  2.9999395e-002  6.5464313e-002
  4.5794693e-002  1.7123889e-001
  2.5794885e-002  1.4937868e-001
  3.8918060e-002 -8.1979332e-003
  3.5392771e-002  2.4994102e-003
  2.4153245e-002  7.7758370e-002
  4.1744780e-002  4.0478612e-002
  2.8715523e-002  3.9446701e-002
 -1.4891618e-001  1.1151499e-001
 -1.4707399e-001  7.3491085e-002
 -1.3645617e-001 -6.3157694e-003
 -1.4151310e-001 -9.2386457e-003
 -1.4845931e-001  1.4857912e-003
 -1.3616441e-001  2.8414247e-002
 -1.4224719e-001  3.5731732e-002
 -1.5087486e-001 -1.2636256e-001
 -1.3381205e-001 -3.8764334e-002
 -1.4819201e-001 -1.9546438e-001
 -1.3772072e-001 -1.5995856e-001
 -1.5096369e-001 -1.9743074e-001
 -1.5288626e-001 -1.8519612e-001
 -1.4076068e-001 -1.2441850e-001
 -1.5344989e-001 -1.4558154e-001
 -1.4252704e-001 -2.8375042e-001
 -1.5362816e-001 -1.2606471e-001
 -1.5132342e-001 -2.5165268e-001
 -1.4443379e-001 -2.9698628e-001
 -1.3202998e-001 -1.7412728e-001
 -1.4089445e-001 -3.3466498e-001
 -1.4365991e-001 -2.2139087e-001
 -1.3483093e-001 -3.4926093e-001
 -1.3169853e-001 -2.3028542e-001
 -1.3834175e-001 -3.4952968e-001
 -1.3893280e-001 -2.8403677e-001
 -1.3480067e-001 -2.7505235e-001
 -1.3249385e-001 -3.1560693e-001
 -1.3943622e-001 -2.8259642e-001
 -1.3226478e-001 -4.0141247e-001
 -1.3510803e-001 -2.6820931e-001
 -1.5011172e-001 -3.2799909e-001
 -1.4189576e-001 -3.9146528e-001
 -1.4896552e-001 -3.7347284e-001
 -1.5050347e-001 -3.6915530e-001
 -1.4526848e-001 -4.3687575e-001
 -1.4066438e-001 -3.2887868e-001
 -1.4053268e-001 -2.7450854e-001
 -1.4103132e-001 -2.7849900e-001
 -1.3513969e-001 -4.3758340e-001
 -1.4238460e-001 -3.4643729e-001
 -1.4482540e-001 -3.5018499e-001
 -1.4095939e-001 -3.3133328e-001
 -1.3266503e-001 -4.1336825e-001
 -1.4919972e-001 -3.6198925e-001
 -1.4716069e-001 -4.3250907e-001
 -1.4326743e-001 -3.2873098e-001
 -1.5352941e-001 -2.8963460e-001
 -1.4092388e-001 -4.1822522e-001
 -1.5305005e-001 -3.6077013e-001
 -1.4536795e-001 -3.9565376e-001
 -1.4960995e-001 -2.8581838e-001
 -1.4876477e-001 -4.4034516e-001
 -1.4326578e-001 -3.2680499e-001
 -1.5187367e-001 -4.2601798e-001
 -1.3569973e-001 -3.4626532e-001
 -1.4153963e-001 -3.9533009e-001
 -1.4974968e-001 -3.5628976e-001
 -1.4135267e-001 -3.2634018e-001
 -1.3182692e-001 -4.2200660e-001
 -1.4174538e-001 -3.5886471e-001
 -1.5354878e-001 -3.8074179e-001
 -1.3660865e-001 -2.9236603e-001
 -1.3367677e-001 -3.8702215e-001
 -1.4900267e-001 -2.6757765e-001
 -1.4870002e-001 -4.2404418e-001
 -1.5355325e-001 -4.4151649e-001
 -1.4501122e-001 -3.2107891e-001
 -1.4409903e-001 -3.8916756e-001
 -2.5660373e-001 -3.6566004e-001
 -2.4838315e-001 -3.1376124e-001
 -2.4905330e-001 -3.9164940e-001
 -2.5549157e-001 -4.6235138e-001
 -2.5022901e-001 -4.1231108e-001
 -2.6071222e-001 -3.1873365e-001
 -2.5609098e-001 -3.4854003e-001
 -2.5733697e-001 -3.9171081e-001
 -2.5090377e-001 -4.1323184e-001
 -2.4652783e-001 -4.7608112e-001
 -2.6046247e-001 -5.7963289e-001
 -2.4855667e-001 -5.7262720e-001
 -2.4663525e-001 -6.1066975e-001
 -2.6281561e-001 -5.3989779e-001
 -2.5662546e-001 -6.1805413e-001
 -2.6562270e-001 -5.3097751e-001
 -2.4651180e-001 -6.2016008e-001
 -2.4223740e-001 -5.4027636e-001
 -2.6472040e-001 -5.4789833e-001
 -2.5511227e-001 -6.4699207e-001
 -2.4763657e-001 -5.3490544e-001
 -2.4403734e-001 -6.4944415e-001
 -2.5952511e-001 -5.0221200e-001
 -2.5788757e-001 -6.1890182e-001
 -2.4718738e-001 -5.9698320e-001
 -2.5636110e-001 -5.9570952e-001
 -2.6010961e-001 -6.4427843e-001
 -2.5225643e-001 -6.1413696e-001
 -2.4371808e-001 -6.1447615e-001
 -2.6466372e-001 -5.4261050e-001
 -2.4332909e-001 -5.3161512e-001
 -2.5757100e-001 -6.7840691e-001
 -2.5418943e-001 -6.8936116e-001
 -2.4517736e-001 -6.8544514e-001
 -2.5304550e-001 -6.8599144e-001
 -2.5250621e-001 -6.8938409e-001
 -2.5889073e-001 -5.3984209e-001
 -2.4401132e-001 -6.3237251e-001
 -2.6492947e-001 -5.4955940e-001
 -2.5285953e-001 -6.2189437e-001
 -2.4704586e-001 -5.3839894e-001
 -2.5333275e-001 -6.2167257e-001
 -2.4519615e-001 -5.5039455e-001
 -2.5825184e-001 -6.2880456e-001
 -2.5056701e-001 -6.2363204e-001
 -2.5967787e-001 -6.5570667e-001
 -2.4574168e-001 -7.3477201e-001
 -2.6368189e-001 -6.3895866e-001
 -2.6410791e-001 -6.5653092e-001
 -2.5569155e-001 -6.4534103e-001
 -2.6484644e-001 -6.7669436e-001
 -2.5253289e-001 -6.6296667e-001
 -2.4913714e-001 -5.5555657e-001
 -2.4597615e-001 -6.1362144e-001
 -2.5914129e-001 -6.0963157e-001
 -2.4903741e-001 -6.7191397e-001
 -2.5906961e-001 -6.8262685e-001
  9.3366455e-001 -6.2644494e-001
