 -2.6888093e-003 -3.4239183e-003
  5.8546105e-003  8.8374206e-002
 -3.9617654e-004 -8.3734741e-002
 -4.9491807e-003  3.9888432e-002
  1.1608928e-003 -7.8666839e-002
 -9.0827785e-003  4.4912942e-002
  8.0057623e-003 -1.1347435e-002
 -5.7585803e-003 -2.5244767e-002
 -5.5955269e-003 -8.3414629e-003
  4.6379262e-003  2.0016638e-004
 -1.5089869e-001  6.6627457e-002
 -1.5529346e-001 -6.3367649e-002
 -1.5225225e-001 -2.7900686e-002
 -1.5129124e-001 -5.2390270e-002
 -1.3875974e-001 -4.3021631e-002
 -1.4812144e-001 -1.5282187e-001
 -1.5806146e-001 -1.7332108e-001
 -1.4844580e-001 -1.0043427e-001
 -1.4760840e-001 -9.6905023e-002
 -1.5096837e-001 -2.3145063e-001
 -1.3986523e-001 -9.2655434e-002
 -1.4974255e-001 -1.0477578e-001
 -1.5881311e-001 -2.2749905e-001
 -1.4001168e-001 -2.2645696e-001
 -1.5826735e-001 -2.1310124e-001
 -1.5657553e-001 -2.7962321e-001
 -1.5583967e-001 -3.0085315e-001
 -1.5679456e-001 -2.5039384e-001
 -1.5388616e-001 -2.9436908e-001
 -1.5021615e-001 -3.3260013e-001
 -1.4378232e-001 -2.7279325e-001
 -1.5674350e-001 -3.7715784e-001
 -1.5540560e-001 -2.4843771e-001
 -1.5752985e-001 -4.0075157e-001
 -1.3993603e-001 -2.8887023e-001
 -1.4883203e-001 -3.9516050e-001
 -1.5513259e-001 -3.6555020e-001
 -1.4395738e-001 -3.6880649e-001
 -1.5641030e-001 -3.4400083e-001
 -1.4041642e-001 -2.9545187e-001
 -1.4274649e-001 -3.2911184e-001
 -1.4073640e-001 -3.3990575e-001
 -1.5269193e-001 -3.4758274e-001
 -1.5010443e-001 -2.8594015e-001
 -1.5873546e-001 -3.8016926e-001
 -1.4766315e-001 -3.6441658e-001
 -1.4919988e-001 -3.2445631e-001
 -1.4591109e-001 -4.1914734e-001
 -1.4957412e-001 -3.5222401e-001
 -1.4534045e-001 -2.9682539e-001
 -1.5113488e-001 -4.4390034e-001
 -1.4937731e-001 -3.1970456e-001
 -1.5211384e-001 -2.7524187e-001
 -1.3736214e-001 -3.6749835e-001
 -1.3667110e-001 -4.4621364e-001
 -1.3831881e-001 -2.8337617e-001
 -1.5181279e-001 -3.3772020e-001
 -1.3662951e-001 -3.0814377e-001
 -1.4747154e-001 -3.3442620e-001
 -1.5173589e-001 -4.3762440e-001
 -1.4075876e-001 -3.8904306e-001
 -1.4140665e-001 -3.7267494e-001
 -1.5893599e-001 -3.5537485e-001
 -1.3952964e-001 -4.3693720e-001
 -1.4127997e-001 -3.9458990e-001
 -1.5226674e-001 -3.0258553e-001
 -1.5818977e-001 -3.1890390e-001
 -1.4217768e-001 -4.4872056e-001
 -1.4020552e-001 -2.8281110e-001
 -1.3637629e-001 -4.0917914e-001
 -1.4058461e-001 -4.2637554e-001
 -1.5687101e-001 -4.0267427e-001
 -1.4748671e-001 -4.0276476e-001
 -1.4243963e-001 -4.4069477e-001
 -1.4085230e-001 -3.5846669e-001
 -1.5087165e-001 -2.9463597e-001
 -1.4142909e-001 -2.8730065e-001
 -1.3827960e-001 -3.7219967e-001
 -1.4754001e-001 -3.6944074e-001
  1.9291913e-001 -3.4479454e-001
  1.9013115e-001 -3.8041152e-001
  1.9960975e-001 -3.9223911e-001
  2.0200121e-001 -2.4505483e-001
  1.9837347e-001 -3.2960423e-001
  2.0683479e-001 -2.1803460e-001
  1.9113594e-001 -1.8825875e-001
  2.0569832e-001 -2.4847311e-002
  2.0241479e-001 -5.9986046e-002
  2.0009883e-001  7.0974938e-002
  2.0165684e-001  3.3424833e-002
  1.9385467e-001  1.3866309e-001
  1.9020092e-001  8.3317882e-002
  2.0055455e-001  2.8138281e-001
  1.9400859e-001  3.1208418e-001
  2.0371162e-001  2.7698557e-001
  2.0824499e-001  2.2180522e-001
  1.9643815e-001  2.4409617e-001
  2.0981880e-001  3.4511802e-001
  2.0350188e-001  2.9972046e-001
  1.9646141e-001  3.7352093e-001
  2.0412901e-001  3.4167328e-001
  2.0325801e-001  5.0244588e-001
  1.9067701e-001  3.7977065e-001
  2.0100684e-001  5.0966610e-001
  1.9353444e-001  5.2812932e-001
  2.1056165e-001  4.4211481e-001
  2.1302245e-001  3.9428257e-001
  1.9206198e-001  4.2356641e-001
  2.0004580e-001  5.1236580e-001
  2.0142021e-001  5.6467229e-001
  2.0212965e-001  4.6695714e-001
  2.0123874e-001  4.8361191e-001
  1.9865999e-001  5.9255699e-001
  1.9884214e-001  5.9906846e-001
  2.1356912e-001  5.1473803e-001
  1.9050316e-001  5.6399868e-001
  2.0202590e-001  5.9292853e-001
  2.1205934e-001  5.5575818e-001
  2.0811841e-001  4.6221795e-001
  1.9304516e-001  4.6959442e-001
  1.9547851e-001  6.4360279e-001
  1.9300362e-001  5.6773236e-001
  2.0854937e-001  6.1258157e-001
  1.9573231e-001  5.4692581e-001
  1.9872766e-001  6.2027103e-001
  1.9403674e-001  5.3872351e-001
  1.9379267e-001  5.6290700e-001
  2.0785114e-001  5.7421777e-001
  2.0212811e-001  6.2805332e-001
  1.9552152e-001  6.5481280e-001
  1.9910272e-001  4.9185934e-001
  1.9581851e-001  5.1864648e-001
  1.9325511e-001  5.6293837e-001
  1.9108722e-001  5.8013509e-001
  2.0156525e-001  6.3335723e-001
  1.9648514e-001  4.9108434e-001
  1.9562959e-001  5.4293108e-001
  1.9785966e-001  5.3764220e-001
  2.1244698e-001  5.4476237e-001
  1.9990330e-001  5.1456762e-001
  1.9345350e-001  6.2339610e-001
  2.0663568e-001  5.4962909e-001
  1.9001411e-001  6.2507462e-001
  1.9103110e-001  6.0681408e-001
  2.1036096e-001  5.5989436e-001
  1.9434618e-001  4.9264695e-001
  1.9498064e-001  5.4395963e-001
  1.9233028e-001  5.0148679e-001
  5.9958505e-001  5.1408067e-001
  6.0355341e-001  5.9126997e-001
  5.8526751e-001  6.7714055e-001
  6.0158259e-001  7.5849074e-001
  5.8417314e-001  8.2086559e-001
  5.9970969e-001  1.0204949e+000
  5.8622597e-001  1.0974948e+000
  5.9746467e-001  1.2904301e+000
  5.8323599e-001  1.4856919e+000
  5.9025903e-001  1.4955213e+000
  5.9236233e-001  1.5776239e+000
  5.8431100e-001  1.7228152e+000
  5.8316174e-001  1.8444319e+000
  5.9185524e-001  1.8708476e+000
  5.9176383e-001  2.0166345e+000
  5.9661744e-001  2.0626486e+000
  6.0217716e-001  2.1415094e+000
  5.8817458e-001  2.2032822e+000
  5.9165585e-001  2.1634955e+000
  6.0041659e-001  2.3190754e+000
  5.8741567e-001  2.2456894e+000
  6.0210655e-001  2.3368412e+000
  5.9855862e-001  2.3596551e+000
  5.8068151e-001  2.3915133e+000
  5.8480910e-001  2.4355764e+000
  5.9953976e-001  2.5172994e+000
  5.8337742e-001  2.4542214e+000
  5.8177964e-001  2.5806211e+000
  5.8274562e-001  2.5570276e+000
  6.0386205e-001  2.5054769e+000
  5.9802591e-001  2.6081804e+000
  5.9327941e-001  2.5367488e+000
  5.8654300e-001  2.6452177e+000
  5.8252508e-001  2.5613278e+000
  5.9869140e-001  2.6387284e+000
  5.9553924e-001  2.6118673e+000
  5.9216729e-001  2.6327288e+000
  6.0089860e-001  2.7102660e+000
  5.9546062e-001  2.7310479e+000
  5.9050076e-001  2.7337488e+000
  5.9503312e-001  2.6878836e+000
  5.8763193e-001  2.7149383e+000
  5.8069772e-001  2.7840798e+000
  5.8907858e-001  2.7707215e+000
  5.9447317e-001  2.7804453e+000
  5.8943529e-001  2.7175286e+000
  5.8385931e-001  2.7892208e+000
  5.8206042e-001  2.6890536e+000
  5.8026389e-001  2.7924663e+000
  5.9681173e-001  2.7616055e+000
  5.9856421e-001  2.7587240e+000
  5.8920596e-001  2.7562175e+000
  5.9018779e-001  2.7223954e+000
  5.9554811e-001  2.7913301e+000
  6.0320158e-001  2.8233934e+000
  5.9712534e-001  2.8316851e+000
  5.8764727e-001  2.8089177e+000
  5.9869825e-001  2.7677922e+000
  5.9750863e-001  2.7433163e+000
  5.8827558e-001  2.6955731e+000
  5.8441075e-001  2.8225874e+000
  5.9241961e-001  2.6813587e+000
  6.0066643e-001  2.7059813e+000
  5.9744729e-001  2.6735246e+000
  6.0251603e-001  2.8496133e+000
  5.9918457e-001  2.7828437e+000
  5.9643602e-001  2.8139162e+000
  5.8063258e-001  2.7124368e+000
  5.9167922e-001  2.7976297e+000
  6.6129977e-001  2.7570303e+000
  6.6370983e-001  2.7241570e+000
  6.4754691e-001  2.8163459e+000
  6.4975209e-001  2.7406358e+000
  6.5967475e-001  2.8843745e+000
  6.4604838e-001  2.8008742e+000
  6.5500118e-001  3.0037712e+000
  6.5308162e-001  3.0494531e+000
  6.4554199e-001  2.9505259e+000
  6.5565433e-001  3.0398335e+000
  6.6300575e-001  3.0944691e+000
  6.5787922e-001  3.1374856e+000
  6.5298894e-001  3.1528824e+000
  6.6554616e-001  3.1668272e+000
  6.4697833e-001  3.1341876e+000
  6.5513904e-001  3.1774234e+000
  6.6019908e-001  3.1587503e+000
  6.4678092e-001  3.1387585e+000
  6.5659142e-001  3.2919207e+000
  6.5433443e-001  3.3147187e+000
  6.6816044e-001  3.2626345e+000
  6.5752549e-001  3.2789949e+000
  6.4858328e-001  3.3558067e+000
  6.6806738e-001  3.3155452e+000
  6.5626478e-001  3.3018575e+000
  6.5848528e-001  3.3065194e+000
  6.6467094e-001  3.2831374e+000
  6.5680342e-001  3.4156302e+000
  6.6412022e-001  3.4116724e+000
  6.4952418e-001  3.2786453e+000
  6.6801999e-001  3.2673995e+000
  6.6193655e-001  3.2715291e+000
  6.6669036e-001  3.3451870e+000
  6.6548557e-001  3.3027293e+000
  6.4638496e-001  3.3544206e+000
  6.5284953e-001  3.3705563e+000
  6.6230515e-001  3.4206044e+000
  6.4732271e-001  3.4012323e+000
  6.6712852e-001  3.3446978e+000
  6.4596189e-001  3.3374006e+000
  6.5293691e-001  3.3741987e+000
  6.4960004e-001  3.4404654e+000
  6.5719854e-001  3.3197664e+000
  6.4630822e-001  3.3557746e+000
  6.5436279e-001  3.3689041e+000
  6.6612246e-001  3.3822690e+000
  6.6446040e-001  3.4426591e+000
  6.6222019e-001  3.4652192e+000
  6.6617005e-001  3.3567439e+000
  6.5695429e-001  3.4671280e+000
  6.4981915e-001  3.4739319e+000
  6.5081749e-001  3.4677409e+000
  6.5674371e-001  3.4513704e+000
  6.6220903e-001  3.3990243e+000
  6.5145174e-001  3.3475076e+000
  6.4828966e-001  3.3153157e+000
  6.6579533e-001  3.4617273e+000
  6.5868881e-001  3.4098970e+000
  6.5728307e-001  3.3692915e+000
  6.5478088e-001  3.3068227e+000
  6.5387144e-001  3.4703284e+000
  6.6769354e-001  3.4702743e+000
  6.6767184e-001  3.3249333e+000
  6.5348560e-001  3.3911149e+000
  6.6150456e-001  3.3919956e+000
  6.5578532e-001  3.3475066e+000
  6.5765724e-001  3.4770123e+000
  6.5634650e-001  3.4169186e+000
  6.6519381e-001  3.3721917e+000
  9.8131446e-001  3.4176089e+000
  9.7376194e-001  3.3140096e+000
  9.6359954e-001  3.5459525e+000
  9.7342584e-001  3.7053085e+000
  9.7045455e-001  4.1093501e+000
  9.6897579e-001  4.3729244e+000
  9.6226215e-001  4.6917864e+000
  9.7515653e-001  4.9778199e+000
  9.6258864e-001  5.2865856e+000
  9.7306400e-001  5.5534029e+000
  9.7015391e-001  5.7383165e+000
  9.7894066e-001  5.9545757e+000
  9.7852605e-001  6.2795799e+000
  9.5778542e-001  6.3986323e+000
  9.7794813e-001  6.5949123e+000
  9.7837155e-001  6.6795312e+000
  9.6561794e-001  6.8700093e+000
  9.7093140e-001  7.0738801e+000
  9.6417263e-001  7.1232898e+000
  9.6461010e-001  7.2143927e+000
  9.8071481e-001  7.3287239e+000
  9.6109113e-001  7.4003659e+000
  9.7403678e-001  7.5604616e+000
  9.6931266e-001  7.5126157e+000
  9.8091342e-001  7.6751837e+000
  9.7654493e-001  7.7355949e+000
  9.7718526e-001  7.7479975e+000
  9.7550373e-001  7.7738918e+000
  9.6038911e-001  7.9684022e+000
  9.7472195e-001  7.8618106e+000
  9.7765430e-001  8.0309167e+000
  9.6009995e-001  8.0201762e+000
  9.6097914e-001  8.1147815e+000
  9.5887878e-001  8.0090633e+000
  9.8014467e-001  8.0739376e+000
  9.8019531e-001  8.0934879e+000
  9.6289927e-001  8.1869982e+000
  9.7837995e-001  8.2279176e+000
  9.6433594e-001  8.1464301e+000
  9.6502067e-001  8.1526312e+000
  9.5780271e-001  8.1521546e+000
  9.6984583e-001  8.1464621e+000
  9.6958952e-001  8.3013733e+000
  9.7926175e-001  8.1709450e+000
  9.5788105e-001  8.3344779e+000
  9.7508294e-001  8.2201175e+000
  9.5879536e-001  8.3110195e+000
  9.6934055e-001  8.3691735e+000
  9.7641287e-001  8.2739475e+000
  9.7852626e-001  8.2247649e+000
  9.6682771e-001  8.3430197e+000
  9.7564583e-001  8.2255127e+000
  9.6064625e-001  8.3867548e+000
  9.7075358e-001  8.3713425e+000
  9.7639350e-001  8.2590568e+000
  9.7294954e-001  8.2954878e+000
  9.7968080e-001  8.3678926e+000
  9.7171053e-001  8.3621468e+000
  9.7885263e-001  8.2731194e+000
  9.5848577e-001  8.4165680e+000
  9.6671951e-001  8.3846318e+000
  9.7752900e-001  8.4088826e+000
  9.5772752e-001  8.2570189e+000
  9.8082754e-001  8.2590823e+000
  9.7789087e-001  8.3219032e+000
  9.6831691e-001  8.2734824e+000
  9.6440133e-001  8.3284436e+000
  9.6388702e-001  8.3388418e+000
  9.6752173e-001  8.3259010e+000
  3.3298294e-001  8.3114144e+000
  3.4551589e-001  8.4399173e+000
  3.2959780e-001  8.0893293e+000
  3.2663344e-001  7.8028158e+000
  3.4932412e-001  7.3080054e+000
  3.2868875e-001  6.8788320e+000
  3.4435207e-001  6.4615914e+000
  3.4707077e-001  6.1236064e+000
  3.3709321e-001  5.6613413e+000
  3.3758222e-001  5.2577228e+000
  3.3013982e-001  4.8219880e+000
  3.3249390e-001  4.6205205e+000
  3.4117873e-001  4.2528143e+000
  3.4389729e-001  4.0758016e+000
  3.3604243e-001  3.7354105e+000
  3.4063114e-001  3.4647947e+000
  3.4574816e-001  3.2683465e+000
  3.4444228e-001  3.1359407e+000
  3.4867151e-001  2.8395577e+000
  3.3241468e-001  2.8325517e+000
  3.3379272e-001  2.5971973e+000
  3.3315882e-001  2.4722210e+000
  3.2978784e-001  2.3837101e+000
  3.3013530e-001  2.2956628e+000
  3.2914589e-001  2.2148254e+000
  3.4594846e-001  1.9949197e+000
  3.4234034e-001  1.8661888e+000
  3.4229081e-001  1.8708819e+000
  3.2616605e-001  1.8945980e+000
  3.4061136e-001  1.6982430e+000
  3.4751153e-001  1.7351282e+000
  3.3533125e-001  1.5572262e+000
  3.2820702e-001  1.5971549e+000
  3.3135587e-001  1.5204105e+000
  3.2996003e-001  1.5052354e+000
  3.3090949e-001  1.5037323e+000
  3.3886477e-001  1.4157789e+000
  3.4818514e-001  1.3594577e+000
  3.4901321e-001  1.3927876e+000
  3.2621300e-001  1.3609340e+000
  3.2888342e-001  1.3182907e+000
  3.3564306e-001  1.2644592e+000
  3.2745863e-001  1.2502311e+000
  3.2761672e-001  1.2931176e+000
  3.4245281e-001  1.2942828e+000
  3.4276895e-001  1.1778599e+000
  3.2676193e-001  1.2875128e+000
  3.4904596e-001  1.2216088e+000
  3.4312351e-001  1.3081557e+000
  3.4110847e-001  1.2222630e+000
  3.3037356e-001  1.2024994e+000
  3.4549090e-001  1.1473210e+000
  3.3985478e-001  1.2651971e+000
  3.2575522e-001  1.2561081e+000
  3.3871154e-001  1.1438754e+000
  3.3794445e-001  1.1422669e+000
  3.4390830e-001  1.1673450e+000
  3.4147627e-001  1.2028343e+000
  3.4779849e-001  1.1840090e+000
  3.3974010e-001  1.1506657e+000
  3.4486196e-001  1.1264494e+000
  3.3955212e-001  1.1952879e+000
  3.3776478e-001  1.0719936e+000
  3.3305463e-001  1.2102816e+000
  3.2828354e-001  1.1415829e+000
  3.3102516e-001  1.0522463e+000
  3.2674795e-001  1.0913748e+000
  3.4159241e-001  1.1044000e+000
  3.3842737e-001  1.2202225e+000
 -4.7470187e-001  1.1581707e+000
 -4.7181541e-001  1.0772101e+000
 -4.6643397e-001  1.1125472e+000
 -4.5973294e-001  9.7428686e-001
 -4.7181019e-001  8.9024219e-001
 -4.5772937e-001  6.5066886e-001
 -4.7018456e-001  4.9744299e-001
 -4.6762959e-001  3.6775985e-001
 -4.5555942e-001  2.6715492e-001
 -4.5351442e-001  5.7115529e-002
 -4.7057874e-001  8.5419085e-002
 -4.5659977e-001 -1.0741543e-001
 -4.6401422e-001 -1.4051811e-001
 -4.6521629e-001 -3.0711059e-001
 -4.6703361e-001 -3.6924064e-001
 -4.5925048e-001 -4.4689767e-001
 -4.7152739e-001 -5.9077317e-001
 -4.6148681e-001 -5.7617563e-001
 -4.5767504e-001 -5.7600010e-001
 -4.6647947e-001 -7.7218374e-001
 -4.7304847e-001 -7.4338212e-001
 -4.6234241e-001 -7.7645255e-001
 -4.6243509e-001 -8.4261412e-001
 -4.6721690e-001 -9.1979951e-001
 -4.6873124e-001 -8.3544120e-001
 -4.7106811e-001 -8.8454325e-001
 -4.5556967e-001 -9.3670446e-001
 -4.7410699e-001 -9.6851155e-001
 -4.6073870e-001 -9.2606836e-001
 -4.7185093e-001 -1.0941455e+000
 -4.5842007e-001 -1.0446424e+000
 -4.6421217e-001 -1.0307213e+000
 -4.7572717e-001 -1.1281688e+000
 -4.7394075e-001 -1.1182756e+000
 -4.5711825e-001 -1.1636002e+000
 -4.6809758e-001 -1.1551098e+000
 -4.6873690e-001 -1.0996022e+000
 -4.6046747e-001 -1.0987360e+000
 -4.6693177e-001 -1.1013929e+000
 -4.6327359e-001 -1.1355200e+000
 -4.6716591e-001 -1.1236402e+000
 -4.6258161e-001 -1.1417663e+000
 -4.5864725e-001 -1.1140018e+000
 -4.7071098e-001 -1.2178827e+000
 -4.7324938e-001 -1.2513217e+000
 -4.7486326e-001 -1.2202923e+000
 -4.5505843e-001 -1.2138723e+000
 -4.6501693e-001 -1.2273303e+000
 -4.5289534e-001 -1.1737033e+000
 -4.7495517e-001 -1.2472040e+000
 -4.6588969e-001 -1.2470885e+000
 -4.6278229e-001 -1.1798123e+000
 -4.7184099e-001 -1.1626866e+000
 -4.5504374e-001 -1.2021616e+000
 -4.5910908e-001 -1.1280216e+000
 -4.6821836e-001 -1.2039843e+000
 -4.7383181e-001 -1.2743048e+000
 -4.6564174e-001 -1.2546518e+000
 -4.6081041e-001 -1.2574194e+000
 -4.5488930e-001 -1.1489616e+000
 -4.6196495e-001 -1.1167361e+000
 -4.7021918e-001 -1.1645442e+000
 -4.5323889e-001 -1.2238456e+000
 -4.7209111e-001 -1.1887261e+000
 -4.5919632e-001 -1.2634195e+000
 -4.7049776e-001 -1.2804692e+000
 -4.6503436e-001 -1.1251644e+000
 -4.5731716e-001 -1.2461682e+000
 -4.5273455e-001 -1.2794188e+000
 -7.8202360e-001 -1.1632724e+000
 -7.7804674e-001 -1.1939824e+000
 -7.8396566e-001 -1.3101671e+000
 -7.9188811e-001 -1.3351856e+000
 -7.8714042e-001 -1.3368589e+000
 -7.8633138e-001 -1.2948214e+000
 -7.7720891e-001 -1.3529760e+000
 -7.9726119e-001 -1.5188471e+000
 -7.8594592e-001 -1.4718079e+000
 -7.8599964e-001 -1.5150766e+000
 -7.9593860e-001 -1.6270892e+000
 -7.9277076e-001 -1.6347068e+000
 -7.7464219e-001 -1.6903536e+000
 -7.8530321e-001 -1.6790981e+000
 -7.9673032e-001 -1.7928628e+000
 -7.7644552e-001 -1.6716773e+000
 -7.8585240e-001 -1.8070617e+000
 -7.8562296e-001 -1.7127786e+000
 -7.7720207e-001 -1.7694339e+000
 -7.8565499e-001 -1.7597297e+000
 -7.9537373e-001 -1.7865569e+000
 -7.8364037e-001 -1.8894059e+000
 -7.8988882e-001 -1.8488864e+000
 -7.9464142e-001 -1.8155559e+000
 -7.8565391e-001 -1.9667575e+000
 -7.8102417e-001 -1.9637551e+000
 -7.7911835e-001 -2.0105518e+000
 -7.8252779e-001 -1.8577265e+000
 -7.8719718e-001 -1.9934068e+000
 -7.8898652e-001 -1.9176296e+000
 -7.9079143e-001 -1.9221485e+000
 -7.9151410e-001 -1.9982646e+000
 -7.7402198e-001 -1.8804658e+000
 -7.8421304e-001 -1.8920989e+000
 -7.8444461e-001 -2.0076764e+000
 -7.7497217e-001 -1.8927084e+000
 -7.8183074e-001 -2.0334051e+000
 -7.9371905e-001 -2.0389206e+000
 -7.8802919e-001 -2.0077949e+000
 -7.8254144e-001 -1.9739374e+000
 -7.8094045e-001 -2.0256497e+000
 -7.9796975e-001 -1.9032884e+000
 -7.7987561e-001 -2.0602149e+000
 -7.8594588e-001 -1.9606455e+000
 -7.7723056e-001 -1.9377030e+000
 -7.9662955e-001 -2.0730424e+000
 -7.8172041e-001 -1.9581048e+000
 -7.9618168e-001 -1.9699394e+000
 -7.9270042e-001 -1.9330612e+000
 -7.8901264e-001 -2.0164321e+000
 -7.8497172e-001 -2.0728127e+000
 -7.9558860e-001 -2.0799937e+000
 -7.8391471e-001 -2.0495728e+000
 -7.7856742e-001 -1.9745651e+000
 -7.8194555e-001 -2.0967551e+000
 -7.8061320e-001 -1.9367858e+000
 -7.9169595e-001 -2.0440196e+000
 -7.7813049e-001 -1.9842105e+000
 -7.8738183e-001 -2.0415885e+000
 -7.9375222e-001 -2.0618530e+000
 -7.8276941e-001 -1.9726545e+000
 -7.9217055e-001 -2.0381939e+000
 -7.8664975e-001 -2.0219851e+000
 -7.8344713e-001 -1.9549662e+000
 -7.9347771e-001 -2.0651594e+000
 -7.7621469e-001 -2.0992015e+000
 -7.9044065e-001 -1.9821924e+000
 -7.7532147e-001 -1.9534084e+000
 -7.7634518e-001 -2.0034331e+000
  4.5861456e-001 -2.0302928e+000
  4.5602367e-001 -2.0160532e+000
  4.5019779e-001 -1.8302695e+000
  4.5644320e-001 -1.7338964e+000
  4.6240975e-001 -1.4722618e+000
  4.5039017e-001 -1.2647645e+000
  4.4994650e-001 -1.1037179e+000
  4.5736046e-001 -8.9939801e-001
  4.5386627e-001 -6.1171671e-001
  4.6024714e-001 -3.1780183e-001
  4.7271474e-001 -2.8976577e-001
  4.6614522e-001 -3.7478688e-002
  4.5574385e-001  7.0353540e-002
  4.7290923e-001  2.6741974e-001
  4.6417723e-001  3.7228973e-001
  4.6691928e-001  5.4360648e-001
  4.6224146e-001  5.8318566e-001
  4.6438150e-001  8.0853784e-001
  4.5578367e-001  7.6730152e-001
  4.5829426e-001  9.1622427e-001
  4.5948167e-001  9.8220531e-001
  4.6698577e-001  1.1127877e+000
  4.5697142e-001  1.1080178e+000
  4.6457982e-001  1.2691872e+000
  4.6496395e-001  1.1672202e+000
  4.5690926e-001  1.3225600e+000
  4.5065810e-001  1.4096606e+000
  4.7359022e-001  1.4221739e+000
  4.7221624e-001  1.3833862e+000
  4.5523762e-001  1.4802180e+000
  4.6778481e-001  1.5191490e+000
  4.7028299e-001  1.4445737e+000
  4.5225916e-001  1.4600608e+000
  4.7228095e-001  1.5677355e+000
  4.5345168e-001  1.5920630e+000
  4.5878633e-001  1.5437398e+000
  4.7003159e-001  1.5698764e+000
  4.7265864e-001  1.5856891e+000
  4.7367263e-001  1.7066008e+000
  4.6883404e-001  1.6603144e+000
  4.6954973e-001  1.5845952e+000
  4.6497178e-001  1.7417614e+000
  4.5184795e-001  1.6360480e+000
  4.7306897e-001  1.6578861e+000
  4.5877008e-001  1.6592137e+000
  4.4997729e-001  1.7990183e+000
  4.6798456e-001  1.6420868e+000
  4.6297523e-001  1.7539110e+000
  4.5159390e-001  1.6966345e+000
  4.6999429e-001  1.6729409e+000
  4.5957611e-001  1.7426931e+000
  4.5186901e-001  1.8024236e+000
  4.6902770e-001  1.7098557e+000
  4.5885531e-001  1.8003853e+000
  4.7336421e-001  1.7722551e+000
  4.7075208e-001  1.7518155e+000
  4.5623387e-001  1.8504622e+000
  4.5123615e-001  1.7398207e+000
  4.6647843e-001  1.8333971e+000
  4.6262336e-001  1.8086853e+000
  4.7112020e-001  1.8318563e+000
  4.7039638e-001  1.7264026e+000
  4.6073030e-001  1.7631642e+000
  4.6349524e-001  1.7278716e+000
  4.5391688e-001  1.6901538e+000
  4.5932537e-001  1.7793206e+000
  4.5967078e-001  1.7274415e+000
  4.5860462e-001  1.7315687e+000
  4.5067053e-001  1.7098350e+000
  3.1944334e-001  1.7081081e+000
  3.2353839e-001  1.7056542e+000
  3.2382144e-001  1.7317571e+000
  3.1538413e-001  1.7139294e+000
  3.0845600e-001  1.5971841e+000
  3.2356899e-001  1.7185454e+000
  3.1674997e-001  1.6680928e+000
  3.2016658e-001  1.5000147e+000
  3.0860218e-001  1.5531071e+000
  3.1542567e-001  1.4536338e+000
  3.0399416e-001  1.4946768e+000
  3.1226150e-001  1.2992574e+000
  3.2185694e-001  1.4047021e+000
  3.0182906e-001  1.2542258e+000
  3.0749824e-001  1.3013319e+000
  3.1747280e-001  1.2267650e+000
  3.0902834e-001  1.2659055e+000
  3.2206213e-001  1.2476614e+000
  3.0263972e-001  1.2260460e+000
  3.1061876e-001  1.1993636e+000
  3.0441986e-001  1.1296569e+000
  3.2004158e-001  1.2146304e+000
  3.1147862e-001  1.1333411e+000
  3.0896909e-001  1.1925299e+000
  3.0718077e-001  1.2024143e+000
  3.0507238e-001  1.1662694e+000
  3.0850897e-001  1.0185599e+000
  3.1037130e-001  1.1107539e+000
  3.0802020e-001  1.0340562e+000
  3.2104910e-001  1.0982813e+000
  3.2061683e-001  1.1484712e+000
  3.1978923e-001  1.0099616e+000
  3.1954927e-001  9.7405722e-001
  3.0876949e-001  1.0666405e+000
  3.1451138e-001  9.9359223e-001
  3.1386344e-001  1.1122654e+000
  3.0796055e-001  9.6463597e-001
  3.0875263e-001  1.0391061e+000
  3.1072907e-001  9.4668923e-001
  3.0955242e-001  1.0134408e+000
  3.0107754e-001  1.0951094e+000
  3.2183640e-001  1.0711069e+000
  3.1346711e-001  1.0701919e+000
  3.1287904e-001  1.0711647e+000
  3.1099562e-001  1.0141890e+000
  3.1806855e-001  1.0770097e+000
  3.1227324e-001  1.0701732e+000
  3.1230417e-001  1.0703314e+000
  3.1709132e-001  9.4795175e-001
  3.1237488e-001  9.6680116e-001
  3.1419043e-001  9.4252641e-001
  3.1740275e-001  1.0563715e+000
  3.0875170e-001  1.0693521e+000
  3.1852135e-001  9.5474358e-001
  3.1168345e-001  1.0231970e+000
  3.1591674e-001  1.0097912e+000
  3.1931805e-001  1.0814059e+000
  3.1563396e-001  9.8733970e-001
  3.1291563e-001  9.2665737e-001
  3.1079009e-001  1.0884913e+000
  3.1919813e-001  1.0983934e+000
  3.0768791e-001  1.0076548e+000
  3.0911878e-001  9.8266743e-001
  3.2415835e-001  9.5553467e-001
  3.0481693e-001  9.3329076e-001
  3.0141179e-001  9.2916722e-001
  3.2141955e-001  1.0507053e+000
  3.1834554e-001  9.6059526e-001
  3.2142791e-001  1.0829239e+000
 -8.9247283e-002  9.2232632e-001
 -1.0342529e-001  1.0811617e+000
 -9.9210593e-002  9.7153040e-001
 -1.0460406e-001  8.6219871e-001
 -1.0344742e-001  8.5051094e-001
 -8.6011785e-002  7.0113099e-001
 -9.8632252e-002  6.1528319e-001
 -8.2703119e-002  6.0933512e-001
 -9.9851151e-002  4.9476000e-001
 -1.0529245e-001  4.2623835e-001
 -8.7939954e-002  3.6727706e-001
 -8.6287407e-002  3.2137395e-001
 -9.9218320e-002  2.3466112e-001
 -9.5808425e-002  1.6925835e-001
 -9.4855005e-002  2.0663422e-001
 -8.7242137e-002  8.6299633e-002
 -9.2639336e-002  1.4857763e-001
 -1.0562492e-001  1.7323562e-001
 -1.0592541e-001  7.9090370e-002
 -8.4610033e-002  9.5239626e-002
 -9.5142164e-002  8.4142119e-002
 -9.8617270e-002  5.2892398e-002
 -8.4822493e-002 -2.8046671e-003
 -1.0024397e-001 -7.2318624e-002
 -1.0375628e-001 -2.0296500e-002
 -8.3877737e-002 -1.3667111e-001
 -8.7275013e-002 -2.3330560e-002
 -8.9490888e-002 -1.2938362e-001
 -9.7056683e-002 -3.5845456e-002
 -9.4955502e-002 -1.2426480e-001
 -9.3720377e-002 -1.9359281e-001
 -1.0026637e-001 -8.4944984e-002
 -9.1831340e-002 -9.9339429e-002
 -8.3972471e-002 -1.1648426e-001
 -9.1892418e-002 -2.4165545e-001
 -8.5140125e-002 -1.1711186e-001
 -8.7495087e-002 -1.2928283e-001
 -9.4787471e-002 -2.0828666e-001
 -1.0082883e-001 -1.7190089e-001
 -9.5207724e-002 -1.2427305e-001
 -9.3947031e-002 -2.1191519e-001
 -1.0049605e-001 -1.7045965e-001
 -1.0564133e-001 -1.4538998e-001
 -9.2293190e-002 -2.2644975e-001
 -9.3933525e-002 -2.1773503e-001
 -8.5675572e-002 -1.3103131e-001
 -9.5464929e-002 -1.7188252e-001
 -1.0420692e-001 -2.9701503e-001
 -9.9164197e-002 -1.4491820e-001
 -9.3833558e-002 -1.8081560e-001
 -8.6402664e-002 -2.1424038e-001
 -1.0083615e-001 -1.5274750e-001
 -9.0462414e-002 -2.9070435e-001
 -9.0282576e-002 -2.9209516e-001
 -9.9904061e-002 -2.6989256e-001
 -9.0241910e-002 -2.4250073e-001
 -9.1594612e-002 -2.3091197e-001
 -1.0130785e-001 -1.4809617e-001
 -1.0643853e-001 -2.3662793e-001
 -9.4084895e-002 -1.7224090e-001
 -8.8709875e-002 -1.5312321e-001
 -8.6846940e-002 -2.8638274e-001
 -8.3589191e-002 -2.0014609e-001
 -8.7993120e-002 -2.5330370e-001
 -9.9830870e-002 -2.9089499e-001
 -9.5383642e-002 -3.1106143e-001
 -9.6298967e-002 -1.5049013e-001
 -8.4391024e-002 -1.7277581e-001
 -8.8148146e-002 -1.8630944e-001
 -7.0972986e-001 -2.7659103e-001
 -7.0401318e-001 -3.1516073e-001
 -6.9398993e-001 -2.4922553e-001
 -6.9687995e-001 -3.3193377e-001
 -7.0836964e-001 -3.9308340e-001
 -6.9985293e-001 -4.7622714e-001
 -7.0688620e-001 -5.7289450e-001
 -6.9312122e-001 -7.3319770e-001
 -7.0908304e-001 -8.9305807e-001
 -6.9434317e-001 -8.3779017e-001
 -7.0753190e-001 -9.9929732e-001
 -7.0914928e-001 -1.1388041e+000
 -7.0176901e-001 -1.1759913e+000
 -7.0234417e-001 -1.2159252e+000
 -6.9214842e-001 -1.2356306e+000
 -7.0901481e-001 -1.2580378e+000
 -7.0153737e-001 -1.2679735e+000
 -7.0711244e-001 -1.3510685e+000
 -6.9071757e-001 -1.4537844e+000
 -6.9048397e-001 -1.3969361e+000
 -6.8592043e-001 -1.4269570e+000
 -7.0657718e-001 -1.6185716e+000
 -7.0234333e-001 -1.5810746e+000
 -7.0093812e-001 -1.5318883e+000
 -6.8608725e-001 -1.6232588e+000
 -6.8999976e-001 -1.5588940e+000
 -6.9222537e-001 -1.6237914e+000
 -6.8650632e-001 -1.6727934e+000
 -6.9568955e-001 -1.6437997e+000
 -6.9348156e-001 -1.6112496e+000
 -6.8871086e-001 -1.6278251e+000
 -6.9263096e-001 -1.7772966e+000
 -6.8665057e-001 -1.6638027e+000
 -6.9072817e-001 -1.6704369e+000
 -6.8918238e-001 -1.6547408e+000
 -6.9016198e-001 -1.6934503e+000
 -7.0342388e-001 -1.7542172e+000
 -7.0319565e-001 -1.7184276e+000
 -6.8821681e-001 -1.8025648e+000
 -7.0487060e-001 -1.7098871e+000
 -6.9156031e-001 -1.8484859e+000
 -6.9064763e-001 -1.8254384e+000
 -7.0789913e-001 -1.8002734e+000
 -6.9512232e-001 -1.7298353e+000
 -7.0542234e-001 -1.7217423e+000
 -6.8976429e-001 -1.8827821e+000
 -7.0520225e-001 -1.8096926e+000
 -6.9900913e-001 -1.8821796e+000
 -6.8794140e-001 -1.8148001e+000
 -6.9405351e-001 -1.7847944e+000
 -7.0111520e-001 -1.7780265e+000
 -7.0666962e-001 -1.8435330e+000
 -7.0504599e-001 -1.7441308e+000
 -7.0760157e-001 -1.8084796e+000
 -7.0371692e-001 -1.7652699e+000
 -7.0190052e-001 -1.8073079e+000
 -7.0901957e-001 -1.7963349e+000
 -6.8957277e-001 -1.7310383e+000
 -7.0598940e-001 -1.8391036e+000
 -6.8764531e-001 -1.7892048e+000
 -6.9263452e-001 -1.7834511e+000
 -6.9809269e-001 -1.7380371e+000
 -7.0927921e-001 -1.7835236e+000
 -6.8751333e-001 -1.8005244e+000
 -7.0412434e-001 -1.8337264e+000
 -6.9766425e-001 -1.8050126e+000
 -7.0063058e-001 -1.7469276e+000
 -6.9878254e-001 -1.8504331e+000
 -7.0245440e-001 -1.8438470e+000
  9.3776370e-001 -1.8338685e+000
  9.3489539e-001 -1.9047123e+000
  9.3170761e-001 -1.5370114e+000
  9.2188621e-001 -1.0453468e+000
  9.3865859e-001 -6.5741082e-001
  9.2548386e-001  2.0626763e-002
  9.2803110e-001  4.8664250e-001
  9.2048608e-001  1.1295453e+000
  9.3213645e-001  1.6523802e+000
  9.3528250e-001  2.1318495e+000
  9.3656781e-001  2.5901661e+000
  9.3113804e-001  3.0109355e+000
  9.1936309e-001  3.4798471e+000
  9.3213283e-001  3.7037359e+000
  9.3921767e-001  4.1416665e+000
  9.2975936e-001  4.4750027e+000
  9.3911566e-001  4.7166721e+000
  9.1988205e-001  4.9478326e+000
  9.3309699e-001  5.2377996e+000
  9.3130933e-001  5.4480421e+000
  9.2558418e-001  5.5184299e+000
  9.2243128e-001  5.8167570e+000
  9.3299412e-001  5.8640940e+000
  9.1845955e-001  5.9805516e+000
  9.3910805e-001  6.0850866e+000
  9.2513657e-001  6.2130917e+000
  9.2720461e-001  6.4354397e+000
  9.3170200e-001  6.5144404e+000
  9.3632360e-001  6.5684718e+000
  9.3903347e-001  6.6915259e+000
  9.2847447e-001  6.8164247e+000
  9.3562537e-001  6.7425305e+000
  9.3659642e-001  6.8538788e+000
  9.3693996e-001  6.9584757e+000
  9.3657717e-001  6.9192602e+000
  9.1976450e-001  6.9959566e+000
  9.3217269e-001  7.1385741e+000
  9.3197466e-001  7.0560519e+000
  9.2486069e-001  7.1192438e+000
  9.3388475e-001  7.1258062e+000
  9.2944703e-001  7.1636366e+000
  9.2095440e-001  7.1921715e+000
  9.2126810e-001  7.2297872e+000
  9.3213219e-001  7.3153645e+000
  9.3888421e-001  7.2245244e+000
  9.3070329e-001  7.3608091e+000
  9.3280965e-001  7.3155190e+000
  9.1964750e-001  7.3871435e+000
  9.3259379e-001  7.3734066e+000
  9.2396728e-001  7.3483729e+000
  9.2730191e-001  7.2995954e+000
  9.3252364e-001  7.4392024e+000
  9.2273966e-001  7.4524197e+000
  9.3606284e-001  7.4531084e+000
  9.1825593e-001  7.4384897e+000
  9.2876773e-001  7.4214312e+000
  9.2099852e-001  7.3612681e+000
  9.1986955e-001  7.3876904e+000
  9.3106036e-001  7.3352504e+000
  9.2062143e-001  7.4400646e+000
  9.1635336e-001  7.3444918e+000
  9.1791814e-001  7.4191869e+000
  9.2140173e-001  7.5231419e+000
  9.1585653e-001  7.4909482e+000
  9.2330463e-001  7.4469510e+000
  9.3886498e-001  7.4292240e+000
  9.2649257e-001  7.5272705e+000
  9.2030102e-001  7.4004952e+000
  9.2694158e-001  7.4324106e+000
  6.1152306e-001  7.4590354e+000
  5.9790245e-001  7.3942991e+000
  6.0991935e-001  7.3270840e+000
  6.0376412e-001  7.0242373e+000
  6.0222554e-001  6.7468912e+000
  6.0015707e-001  6.6021699e+000
  5.9209478e-001  6.2860361e+000
  5.9843987e-001  5.9878329e+000
  5.9142151e-001  5.7486400e+000
  6.0042308e-001  5.4960058e+000
  5.9547454e-001  5.1980499e+000
  6.0843412e-001  5.0268401e+000
  5.9758300e-001  4.9452561e+000
  5.9067373e-001  4.6099377e+000
  6.1086890e-001  4.5210934e+000
  6.1316927e-001  4.3795546e+000
  6.0895844e-001  4.2595183e+000
  6.0432445e-001  4.1505446e+000
  6.0474423e-001  3.9824350e+000
  5.9489692e-001  3.8966741e+000
  6.1258090e-001  3.7809188e+000
  6.1006909e-001  3.7256801e+000
  6.0883328e-001  3.6689752e+000
  5.9714560e-001  3.5174803e+000
  5.9995289e-001  3.4610173e+000
  6.0773060e-001  3.4943000e+000
  6.0526555e-001  3.3897066e+000
  6.0251692e-001  3.2890729e+000
  6.1018637e-001  3.3199994e+000
  5.9389101e-001  3.2254172e+000
  6.1319190e-001  3.2547285e+000
  6.0876785e-001  3.2309775e+000
  5.9632713e-001  3.1048583e+000
  6.0642953e-001  3.0742592e+000
  5.9636136e-001  3.1073514e+000
  6.0935201e-001  3.0432277e+000
  5.9564862e-001  3.0165044e+000
  5.9063188e-001  3.0493411e+000
  6.0209025e-001  3.1048208e+000
  5.9305528e-001  3.0270931e+000
  5.9367616e-001  3.0492352e+000
  5.9822263e-001  2.9876872e+000
  6.0029224e-001  2.9566256e+000
  5.9133802e-001  2.9169826e+000
  6.0349771e-001  2.8755625e+000
  5.9698932e-001  2.9791385e+000
  5.9048133e-001  2.9056024e+000
  6.0459572e-001  2.8861364e+000
  5.9503838e-001  2.8673133e+000
  5.9369311e-001  2.8275457e+000
  6.0031598e-001  2.9114543e+000
  5.8991942e-001  2.9024781e+000
  5.9026758e-001  2.9293280e+000
  5.9034951e-001  2.9340192e+000
  6.1322408e-001  2.9144571e+000
  5.9288829e-001  2.9227129e+000
  5.9189342e-001  2.9502975e+000
  6.1162270e-001  2.9704436e+000
  5.9374918e-001  2.9162001e+000
  5.9707193e-001  2.8436528e+000
  6.0430423e-001  2.8273420e+000
  5.9607635e-001  2.7892279e+000
  6.1214666e-001  2.9158422e+000
  5.9355404e-001  2.9358746e+000
  5.8998858e-001  2.9036396e+000
  6.0523897e-001  2.7900557e+000
  5.9173128e-001  2.8361775e+000
  6.0825949e-001  2.7748697e+000
  6.1024486e-001  2.8742304e+000
 -1.2387038e-001  2.8662256e+000
 -1.1543539e-001  2.8067551e+000
 -1.2118195e-001  2.8278620e+000
 -1.3394314e-001  2.5729129e+000
 -1.3044334e-001  2.4510616e+000
 -1.2164946e-001  2.1873085e+000
 -1.3310311e-001  1.9594388e+000
 -1.2340119e-001  1.7940546e+000
 -1.2114711e-001  1.7229218e+000
 -1.2839754e-001  1.5586165e+000
 -1.3267258e-001  1.3552941e+000
 -1.3021787e-001  1.1331845e+000
 -1.2487366e-001  1.0529989e+000
 -1.2611341e-001  8.7523504e-001
 -1.3664149e-001  8.6900383e-001
 -1.3328397e-001  6.9875127e-001
 -1.2179996e-001  5.7452158e-001
 -1.1954047e-001  5.1676791e-001
 -1.3598369e-001  5.2893278e-001
 -1.2093950e-001  3.1136965e-001
 -1.1920538e-001  3.6821349e-001
 -1.3577612e-001  1.9585535e-001
 -1.3578638e-001  3.0112912e-001
 -1.2742985e-001  1.8922425e-001
 -1.1924477e-001  1.6693444e-001
 -1.2886838e-001  8.6263783e-002
 -1.2788368e-001  7.0814888e-002
 -1.2070455e-001  7.6201857e-002
 -1.2612531e-001 -7.5778798e-002
 -1.3351494e-001 -1.2404476e-001
 -1.2484111e-001 -1.4491429e-001
 -1.3400895e-001 -8.5785482e-002
 -1.2219664e-001 -1.0665709e-001
 -1.2251738e-001 -1.2145904e-001
 -1.2039852e-001 -7.2313367e-002
 -1.3389940e-001 -1.2900860e-001
 -1.3020853e-001 -2.6017017e-001
 -1.1820119e-001 -1.6178929e-001
 -1.3424140e-001 -2.3081103e-001
 -1.3587706e-001 -1.8624749e-001
 -1.1703316e-001 -2.8227168e-001
 -1.1847804e-001 -1.7797721e-001
 -1.1734526e-001 -1.9935664e-001
 -1.1719940e-001 -2.4097459e-001
 -1.1690640e-001 -2.8813140e-001
 -1.3573633e-001 -3.1311985e-001
 -1.3879839e-001 -3.3163718e-001
 -1.3852249e-001 -3.1794981e-001
 -1.3651329e-001 -3.2295711e-001
 -1.3909020e-001 -2.7536574e-001
 -1.3897931e-001 -2.7020545e-001
 -1.2432076e-001 -3.4982061e-001
 -1.3477494e-001 -3.3553487e-001
 -1.3357224e-001 -3.0539608e-001
 -1.3742966e-001 -2.8630171e-001
 -1.2839782e-001 -3.1022790e-001
 -1.3176459e-001 -3.3845906e-001
 -1.2871261e-001 -2.9047329e-001
 -1.3091390e-001 -2.2233009e-001
 -1.2868496e-001 -3.2562565e-001
 -1.1730502e-001 -3.1835826e-001
 -1.1833688e-001 -3.7853265e-001
 -1.1657277e-001 -3.3800537e-001
 -1.2775847e-001 -2.6884551e-001
 -1.2966215e-001 -2.2468022e-001
 -1.3032766e-001 -2.3232122e-001
 -1.3371465e-001 -2.4707586e-001
 -1.1544528e-001 -3.1053057e-001
 -1.3544015e-001 -3.6759637e-001
  2.0702096e-002 -3.1199230e-001
  2.7581336e-002 -3.5839400e-001
  3.1237251e-002 -3.9072992e-001
  2.1775931e-002 -3.5183802e-001
  2.3581844e-002 -2.2542961e-001
  2.2702540e-002 -2.7936892e-001
  2.0424929e-002 -1.4331787e-001
  2.6784946e-002 -1.4295772e-001
  1.9002758e-002 -2.3725480e-001
  3.0011202e-002 -1.4549570e-001
  1.5584153e-002 -1.9816361e-001
  2.1366761e-002 -1.3547866e-001
  3.0122678e-002 -1.7067879e-001
  1.9369532e-002 -3.7706590e-002
  3.5494284e-002 -4.3942965e-002
  1.7302996e-002  2.6593387e-002
  2.3014575e-002 -3.4415163e-002
  2.5344260e-002 -3.8181200e-002
  1.6075285e-002 -7.5213066e-003
  2.5753846e-002 -8.6351679e-002
  2.5903870e-002 -3.5589532e-002
  2.6364168e-002  2.7146062e-002
  1.7352509e-002 -6.0548561e-002
  1.9262864e-002  6.3540721e-002
  2.8502105e-002  8.9766051e-002
  2.1059439e-002 -2.0136894e-002
  1.8767399e-002  2.0161149e-002
  2.0426956e-002 -1.8928602e-002
  2.6695417e-002  6.2004897e-003
  3.0900805e-002  6.6959154e-002
  1.4586646e-002  1.0702003e-001
  2.9195423e-002  8.9299879e-002
  3.2826134e-002  3.0096263e-002
  3.5028678e-002  7.3398022e-002
  2.3680941e-002  5.9011824e-002
  2.8421320e-002  2.1359534e-002
  3.4107272e-002  1.7461620e-002
  2.8932618e-002  1.1897681e-001
  2.4682904e-002  1.3125244e-001
  1.8284163e-002  1.3895830e-001
  2.0948657e-002  6.1033055e-002
  2.6773918e-002  1.2445465e-001
  1.8645722e-002  1.2146598e-002
  2.2067833e-002  6.3773348e-002
  3.0609607e-002  1.3701301e-001
  3.6245353e-002  4.8575236e-002
  3.3224060e-002 -2.6268286e-002
  2.6811523e-002  1.2523999e-001
  3.5930807e-002  5.8101084e-002
  3.3511733e-002  7.5391751e-002
  2.8973792e-002  4.0313043e-002
  3.1822094e-002  5.8062799e-002
  3.2634369e-002 -9.2039801e-003
  3.3772266e-002  1.9195454e-002
  1.9225590e-002  1.1269868e-001
  2.5011139e-002  1.5222992e-002
  3.3964873e-002  4.2095594e-002
  1.6631665e-002 -2.0991248e-002
  3.2547563e-002  2.0103177e-002
  2.5738439e-002  2.0751205e-002
  3.3005904e-002  1.0426722e-001
  3.6909133e-002  6.9553494e-002
  1.9919186e-002  5.1745278e-002
  2.0536636e-002  6.2617821e-002
  2.0625392e-002 -8.1602778e-003
  3.6669660e-002 -2.1000282e-002
  2.1234817e-002  2.6522440e-002
  2.6535519e-002  4.7761504e-002
  1.8913499e-002 -1.9604101e-002
 -9.8774716e-001 -3.8219681e-003
 -9.8355776e-001 -3.0559770e-003
 -9.7660008e-001  2.7354421e-003
 -9.6959462e-001 -1.3410442e-001
 -9.8179372e-001 -2.1971420e-001
 -9.9086213e-001 -4.1954879e-001
 -9.8157650e-001 -4.8522709e-001
 -9.7107528e-001 -5.7662587e-001
 -9.8934235e-001 -8.3655899e-001
 -9.7075043e-001 -9.1237750e-001
 -9.7523560e-001 -9.4959032e-001
 -9.8575007e-001 -1.1991708e+000
 -9.8045424e-001 -1.1787738e+000
 -9.7264970e-001 -1.3215100e+000
 -9.8551681e-001 -1.4542127e+000
 -9.8165451e-001 -1.5328530e+000
 -9.6904859e-001 -1.4474883e+000
 -9.8421525e-001 -1.5887636e+000
 -9.9149905e-001 -1.7015424e+000
 -9.7951231e-001 -1.7837253e+000
 -9.7946632e-001 -1.7953297e+000
 -9.8266574e-001 -1.8308343e+000
 -9.7664663e-001 -1.7609094e+000
 -9.7273556e-001 -1.7857881e+000
 -9.8525790e-001 -1.8837031e+000
 -9.8247385e-001 -1.8317446e+000
 -9.8068296e-001 -1.9097908e+000
 -9.8585146e-001 -1.9211038e+000
 -9.7189362e-001 -2.0724827e+000
 -9.7066288e-001 -2.0806817e+000
 -9.7638615e-001 -2.0953122e+000
 -9.7041443e-001 -2.0672472e+000
 -9.7555819e-001 -2.0216364e+000
 -9.8114908e-001 -2.1091037e+000
 -9.8188807e-001 -2.0018524e+000
 -9.7886391e-001 -2.1058476e+000
 -9.7686444e-001 -2.0875195e+000
 -9.7723443e-001 -2.1317837e+000
 -9.8469022e-001 -2.1750182e+000
 -9.8990929e-001 -2.0746704e+000
 -9.8867243e-001 -2.0864247e+000
 -9.8030106e-001 -2.1323983e+000
 -9.7822587e-001 -2.1772892e+000
 -9.8634561e-001 -2.1542235e+000
 -9.8233798e-001 -2.2315395e+000
 -9.7032863e-001 -2.2503345e+000
 -9.7492875e-001 -2.1833915e+000
 -9.8169026e-001 -2.1447817e+000
 -9.8591727e-001 -2.1129134e+000
 -9.6882777e-001 -2.2457949e+000
 -9.8061669e-001 -2.1839924e+000
 -9.7791550e-001 -2.2546743e+000
 -9.7646219e-001 -2.1349342e+000
 -9.8476337e-001 -2.1801011e+000
 -9.7151884e-001 -2.2135164e+000
 -9.8758216e-001 -2.2341714e+000
 -9.7913678e-001 -2.1517018e+000
 -9.6931457e-001 -2.2745228e+000
 -9.7488011e-001 -2.1128020e+000
 -9.6790949e-001 -2.2313939e+000
 -9.8480843e-001 -2.1920037e+000
 -9.7469857e-001 -2.1294539e+000
 -9.8593469e-001 -2.2676845e+000
 -9.7780804e-001 -2.2129133e+000
 -9.7359269e-001 -2.1257851e+000
 -9.8691693e-001 -2.2831832e+000
 -9.7592673e-001 -2.2638537e+000
 -9.8785653e-001 -2.2654381e+000
 -9.7146144e-001 -2.2720760e+000
 -7.1410528e-001 -2.1215493e+000
 -7.2198208e-001 -2.2349058e+000
 -7.1783098e-001 -2.1646917e+000
 -7.2262920e-001 -2.1678311e+000
 -7.1510607e-001 -2.1428102e+000
 -7.2835101e-001 -2.1765325e+000
 -7.1447474e-001 -2.1494709e+000
 -7.1917227e-001 -2.0507401e+000
 -7.2429615e-001 -2.0843149e+000
 -7.2248472e-001 -2.0308256e+000
 -7.1404543e-001 -2.0362780e+000
 -7.2945713e-001 -1.9832027e+000
 -7.1353720e-001 -1.9893107e+000
 -7.2557899e-001 -2.0802387e+000
 -7.3449657e-001 -2.0096834e+000
 -7.3442740e-001 -2.0588271e+000
 -7.2050455e-001 -1.8969220e+000
 -7.2697029e-001 -1.9278898e+000
 -7.3250438e-001 -1.9305594e+000
 -7.1546410e-001 -2.0156891e+000
 -7.1607585e-001 -1.9502382e+000
 -7.2933284e-001 -1.9425510e+000
 -7.3504105e-001 -1.9786079e+000
 -7.1655470e-001 -1.8765754e+000
 -7.2769532e-001 -2.0017336e+000
 -7.2704283e-001 -1.8883332e+000
 -7.2339424e-001 -1.9458023e+000
 -7.2668677e-001 -1.9512661e+000
 -7.2078765e-001 -1.8410689e+000
 -7.2749729e-001 -1.9407949e+000
 -7.2845848e-001 -1.9041149e+000
 -7.3458584e-001 -1.8994309e+000
 -7.2397096e-001 -1.8346688e+000
 -7.1475225e-001 -1.9472059e+000
 -7.3260783e-001 -1.9718306e+000
 -7.1294381e-001 -1.9771256e+000
 -7.3357510e-001 -1.9235504e+000
 -7.1542470e-001 -1.9546006e+000
 -7.3477300e-001 -1.8349931e+000
 -7.1782625e-001 -1.9579057e+000
 -7.2550058e-001 -1.8234199e+000
 -7.2713330e-001 -1.8203508e+000
 -7.2587719e-001 -1.8361132e+000
 -7.3483097e-001 -1.8572705e+000
 -7.2492830e-001 -1.8785036e+000
 -7.1637087e-001 -1.9645301e+000
 -7.1633701e-001 -1.8056465e+000
 -7.1433326e-001 -1.8805185e+000
 -7.2970741e-001 -1.8532321e+000
 -7.2240721e-001 -1.9297952e+000
 -7.1495155e-001 -1.9552573e+000
 -7.3124892e-001 -1.8127952e+000
 -7.3476234e-001 -1.9030914e+000
 -7.1970553e-001 -1.8452214e+000
 -7.2450263e-001 -1.9484550e+000
 -7.2534311e-001 -1.8989195e+000
 -7.2167668e-001 -1.9146946e+000
 -7.3187800e-001 -1.8358422e+000
 -7.3052859e-001 -1.8088866e+000
 -7.2969599e-001 -1.8920966e+000
 -7.1574910e-001 -1.9376863e+000
 -7.2566099e-001 -1.9050638e+000
 -7.2451220e-001 -1.9285160e+000
 -7.1615442e-001 -1.9303527e+000
 -7.2531205e-001 -1.9693208e+000
 -7.2042331e-001 -1.9631042e+000
 -7.2037421e-001 -1.8137978e+000
 -7.1224154e-001 -1.8630678e+000
 -7.2759159e-001 -1.9304859e+000
  3.7040657e-001 -1.8027815e+000
  3.8983145e-001 -1.9004608e+000
  3.7663171e-001 -1.7127362e+000
  3.7931001e-001 -1.6506279e+000
  3.7046892e-001 -1.4650236e+000
  3.8428727e-001 -1.1778496e+000
  3.8874008e-001 -1.0321650e+000
  3.7892058e-001 -8.3667334e-001
  3.6983195e-001 -7.5076236e-001
  3.8422152e-001 -4.7593280e-001
  3.8629933e-001 -4.2191051e-001
  3.8815034e-001 -2.4423025e-001
  3.8139064e-001 -1.5035550e-001
  3.7264022e-001  2.9520144e-002
  3.7388213e-001  2.1102319e-001
  3.7481934e-001  3.1576865e-001
  3.8646962e-001  4.0275930e-001
  3.9044202e-001  5.2356327e-001
  3.7215467e-001  4.8795024e-001
  3.7727160e-001  6.4647023e-001
  3.9059840e-001  7.0254717e-001
  3.7203384e-001  6.5282908e-001
  3.8390790e-001  7.7967299e-001
  3.7673330e-001  8.1545458e-001
  3.8154377e-001  8.6955456e-001
  3.7649078e-001  9.5682675e-001
  3.8181599e-001  1.0169705e+000
  3.8809857e-001  9.5230293e-001
  3.7550111e-001  1.0490974e+000
  3.9345358e-001  1.0246645e+000
  3.8591783e-001  1.0488928e+000
  3.8249066e-001  1.0745038e+000
  3.7885600e-001  1.0767821e+000
  3.8871275e-001  1.0846327e+000
  3.8971524e-001  1.2133257e+000
  3.9129694e-001  1.1610400e+000
  3.7082207e-001  1.2407227e+000
  3.7684990e-001  1.2682635e+000
  3.8818272e-001  1.1836475e+000
  3.8071744e-001  1.2963410e+000
  3.7559818e-001  1.1667941e+000
  3.8567897e-001  1.2787705e+000
  3.8140021e-001  1.2616599e+000
  3.7365557e-001  1.3418021e+000
  3.7975830e-001  1.1787765e+000
  3.9084531e-001  1.2918923e+000
  3.7938957e-001  1.2623734e+000
  3.7407784e-001  1.2741243e+000
  3.8571985e-001  1.2729057e+000
  3.8477523e-001  1.2754424e+000
  3.7679674e-001  1.2813122e+000
  3.9081159e-001  1.3146695e+000
  3.8013807e-001  1.2558049e+000
  3.9342194e-001  1.2702213e+000
  3.7685095e-001  1.2189189e+000
  3.9187594e-001  1.3569530e+000
  3.7622633e-001  1.2801675e+000
  3.7704437e-001  1.3460675e+000
  3.7052518e-001  1.2259351e+000
  3.7998874e-001  1.3810441e+000
  3.8841852e-001  1.3730108e+000
  3.8457290e-001  1.3482399e+000
  3.6964711e-001  1.2595876e+000
  3.9020182e-001  1.3824154e+000
  3.7227950e-001  1.3917732e+000
  3.8901633e-001  1.3799611e+000
  3.7314211e-001  1.3566840e+000
  3.7088700e-001  1.3501797e+000
  3.7096802e-001  1.2812975e+000
 -6.9498694e-001  1.2632472e+000
 -6.9117300e-001  1.2531705e+000
 -6.9141873e-001  1.2399944e+000
 -7.0415140e-001  1.0360182e+000
 -6.9651215e-001  9.1563925e-001
 -7.0841293e-001  6.9016823e-001
 -6.9541235e-001  5.7113554e-001
 -7.0720750e-001  3.4086748e-001
 -7.0523895e-001  2.2976384e-001
 -6.9815419e-001 -1.0490239e-001
 -7.0076404e-001 -1.8150173e-001
 -7.1031311e-001 -3.4930500e-001
 -6.9456888e-001 -4.4073220e-001
 -6.8918570e-001 -6.5170366e-001
 -6.9919861e-001 -7.7724505e-001
 -7.0613373e-001 -8.0076454e-001
 -6.8952280e-001 -8.3806789e-001
 -7.0603873e-001 -1.0551018e+000
 -7.0826822e-001 -1.1286515e+000
 -6.9761012e-001 -1.1982999e+000
 -6.8937847e-001 -1.2080825e+000
 -7.0253571e-001 -1.2460981e+000
 -7.0938629e-001 -1.3376560e+000
 -6.9214318e-001 -1.4060272e+000
 -6.9608085e-001 -1.4384830e+000
 -7.0430415e-001 -1.4325643e+000
 -6.9272518e-001 -1.3853079e+000
 -6.9994586e-001 -1.5112425e+000
 -7.0557663e-001 -1.4873700e+000
 -6.9377463e-001 -1.5746702e+000
 -6.9007987e-001 -1.6133752e+000
 -7.1125310e-001 -1.5381807e+000
 -7.0363524e-001 -1.5447363e+000
 -6.9653194e-001 -1.7071197e+000
 -7.0837945e-001 -1.6036029e+000
 -7.1003365e-001 -1.6622748e+000
 -7.0653691e-001 -1.6278410e+000
 -6.9491877e-001 -1.7921506e+000
 -7.0596977e-001 -1.7026861e+000
 -6.8957661e-001 -1.7067327e+000
 -6.8920359e-001 -1.7567767e+000
 -7.0773171e-001 -1.7302592e+000
 -7.0817927e-001 -1.7289712e+000
 -7.1003351e-001 -1.8255049e+000
 -6.9569858e-001 -1.8189609e+000
 -6.8897318e-001 -1.7121415e+000
 -6.9577636e-001 -1.7077739e+000
 -6.8891407e-001 -1.7918104e+000
 -7.0435733e-001 -1.8705747e+000
 -6.9818212e-001 -1.7659887e+000
 -7.0746136e-001 -1.7331320e+000
 -6.9037994e-001 -1.7168125e+000
 -7.0038313e-001 -1.7892324e+000
 -7.1123210e-001 -1.8546623e+000
 -7.0723660e-001 -1.7644385e+000
 -7.0904991e-001 -1.8606644e+000
 -7.0050435e-001 -1.8010760e+000
 -7.1041449e-001 -1.8064455e+000
 -7.0861035e-001 -1.7789100e+000
 -7.0661618e-001 -1.7907285e+000
 -6.9676939e-001 -1.8343037e+000
 -7.0753709e-001 -1.9086590e+000
 -6.9473107e-001 -1.7825636e+000
 -6.9881952e-001 -1.7875971e+000
 -7.0447304e-001 -1.7442662e+000
 -6.9729380e-001 -1.7978943e+000
 -6.9423296e-001 -1.9063396e+000
 -6.9436139e-001 -1.8734632e+000
 -7.1068231e-001 -1.8132131e+000
  4.3491705e-001 -1.8524892e+000
  4.3616050e-001 -1.8747301e+000
  4.3670028e-001 -1.7737613e+000
  4.4076731e-001 -1.5570217e+000
  4.3792426e-001 -1.4078134e+000
  4.3215749e-001 -1.0836219e+000
  4.3161266e-001 -9.2003045e-001
  4.4278834e-001 -8.0442551e-001
  4.2684922e-001 -4.8831934e-001
  4.3762840e-001 -3.9848026e-001
  4.2795439e-001 -2.2537260e-001
  4.3784756e-001  2.9213822e-002
  4.3935994e-001  1.2385376e-001
  4.4167407e-001  1.9801380e-001
  4.4040273e-001  3.4475940e-001
  4.2675153e-001  3.8979458e-001
  4.3498115e-001  5.1856507e-001
  4.2744749e-001  7.1601480e-001
  4.3478307e-001  6.9301418e-001
  4.3125432e-001  7.7201061e-001
  4.3520245e-001  9.1256970e-001
  4.2022124e-001  1.0329675e+000
  4.2268424e-001  1.0603762e+000
  4.4064944e-001  1.1586150e+000
  4.4080928e-001  1.1969475e+000
  4.3753840e-001  1.1932055e+000
  4.3381438e-001  1.2885620e+000
  4.4315136e-001  1.1603578e+000
  4.3446777e-001  1.2080289e+000
  4.3888473e-001  1.3034354e+000
  4.4054347e-001  1.3765807e+000
  4.3304980e-001  1.3919651e+000
  4.2292912e-001  1.4134657e+000
  4.3576638e-001  1.4742685e+000
  4.3554928e-001  1.3736348e+000
  4.3205949e-001  1.4708298e+000
  4.4210618e-001  1.3671687e+000
  4.4198989e-001  1.3975451e+000
  4.2731617e-001  1.3934707e+000
  4.4000031e-001  1.4186893e+000
  4.3443333e-001  1.5026157e+000
  4.3034758e-001  1.5636891e+000
  4.2674827e-001  1.4808798e+000
  4.1930331e-001  1.4383564e+000
  4.3771869e-001  1.6092820e+000
  4.3656019e-001  1.4725131e+000
  4.4131240e-001  1.4885874e+000
  4.3820188e-001  1.6030345e+000
  4.2698321e-001  1.5789036e+000
  4.3992204e-001  1.5938756e+000
  4.4323106e-001  1.5694002e+000
  4.2867896e-001  1.6193612e+000
  4.3336393e-001  1.5939962e+000
  4.4072745e-001  1.6525258e+000
  4.2255704e-001  1.5101592e+000
  4.2318881e-001  1.4912699e+000
  4.3599043e-001  1.5688003e+000
  4.3784065e-001  1.5217763e+000
  4.2353453e-001  1.6495935e+000
  4.3515557e-001  1.6739597e+000
  4.3040945e-001  1.6544228e+000
  4.3027400e-001  1.5668485e+000
  4.3333184e-001  1.5872372e+000
  4.3762342e-001  1.5884856e+000
  4.3604137e-001  1.5696695e+000
  4.3464289e-001  1.5169741e+000
  4.2727465e-001  1.6245858e+000
  4.4002155e-001  1.6816285e+000
  4.2687629e-001  1.5887133e+000
  2.3773556e-002  1.6051325e+000
  1.2481419e-002  1.5605426e+000
  6.1863314e-003  1.6352147e+000
  2.1501635e-002  1.4532718e+000
  9.0762630e-003  1.4375323e+000
  1.7005011e-002  1.2372300e+000
  9.2187495e-003  1.2795874e+000
  2.3489900e-002  1.0933230e+000
  1.8651318e-002  1.0139232e+000
  1.6926643e-002  9.9362175e-001
  1.5007886e-002  8.2673654e-001
  1.1248866e-002  7.2998262e-001
  2.6548826e-002  7.5499191e-001
  1.4884213e-002  6.0488864e-001
  7.5263948e-003  6.7422937e-001
  1.8460971e-002  5.4708575e-001
  1.4913693e-002  4.3765916e-001
  1.5833610e-002  4.3072019e-001
  1.4319440e-002  3.7075703e-001
  1.0322839e-002  4.3263062e-001
  1.8970855e-002  3.6680052e-001
  2.4348523e-002  3.8359028e-001
  5.9038327e-003  2.2891019e-001
  2.1863285e-002  3.6947665e-001
  2.2178519e-002  3.4700509e-001
  2.4368004e-002  2.5188759e-001
  2.1813465e-002  1.4195078e-001
  2.3066419e-002  2.2364460e-001
  2.2023548e-002  2.4877581e-001
  6.7827227e-003  2.4033857e-001
  1.6530294e-002  2.2191875e-001
  1.9999764e-002  1.4433093e-001
  2.7781508e-002  2.2245127e-001
  2.3734774e-002  2.0504099e-001
  2.1215450e-002  8.0195738e-002
  8.1179808e-003  7.1117342e-002
  2.7852208e-002  1.3295049e-001
  2.0872380e-002  2.1459956e-002
  8.7821900e-003  3.5391868e-002
  4.4833757e-003  1.7100276e-002
  6.7554518e-003  1.6794220e-001
  2.7075999e-002  1.4626266e-001
  3.9291907e-003  6.1121680e-002
  2.2810639e-002  6.8325150e-002
  1.4144065e-002  7.2649677e-002
  2.0276025e-002  3.9626640e-002
  1.6506136e-002 -3.0998778e-003
  8.0428379e-003  9.8361822e-002
  5.5080101e-003  7.2214904e-004
  2.5893537e-002  7.4984570e-002
  2.4803283e-002  3.1740807e-002
  1.5913794e-002  1.3688961e-001
  5.0494102e-003 -9.5789396e-003
  2.0773275e-002  2.2617910e-002
  5.0715094e-003  1.3994816e-001
  6.8140734e-003 -1.3127124e-002
  2.3844817e-002  6.8670905e-002
  1.3282166e-002  7.6344650e-002
  1.5210168e-002  1.0055318e-001
  2.4020423e-002  1.3435815e-001
  7.0822480e-003  7.3637590e-002
  1.2527328e-002  1.7347546e-002
  1.4839567e-002 -1.2584637e-002
  7.9428128e-003 -2.3353608e-002
  1.2819676e-002 -3.1139350e-002
  2.3065520e-002  1.2550471e-001
  8.0629019e-003  6.6657094e-002
  1.8418508e-002 -2.7074798e-002
  1.4685246e-002  1.3313749e-001
 -7.8997716e-001  9.0243681e-002
 -8.1164348e-001  1.2334131e-002
 -7.9053072e-001  3.0302492e-002
 -8.1190662e-001 -3.3233963e-002
 -7.9336741e-001 -2.4452603e-001
 -8.0330990e-001 -2.9069980e-001
 -7.9405183e-001 -4.8351947e-001
 -8.0722609e-001 -5.3649316e-001
 -8.0684765e-001 -7.3312184e-001
 -8.0526724e-001 -9.0880767e-001
 -8.0791558e-001 -9.2714872e-001
 -8.0932330e-001 -9.7256858e-001
 -8.0718578e-001 -1.1687119e+000
 -8.1269400e-001 -1.2104511e+000
 -7.9566705e-001 -1.3744611e+000
 -7.9970688e-001 -1.4351445e+000
 -8.1192950e-001 -1.3336395e+000
 -8.0222720e-001 -1.4400318e+000
 -7.9727460e-001 -1.6125884e+000
 -8.0646345e-001 -1.5481396e+000
 -8.0180719e-001 -1.6218600e+000
 -7.9918073e-001 -1.6260630e+000
 -8.0179877e-001 -1.7534911e+000
 -7.9541277e-001 -1.7508781e+000
 -7.9045283e-001 -1.7828436e+000
 -7.9608866e-001 -1.7975500e+000
 -8.0741337e-001 -1.8070565e+000
 -8.0779174e-001 -1.8582457e+000
 -7.9503247e-001 -1.7900440e+000
 -7.9367720e-001 -1.7896906e+000
 -7.9541837e-001 -1.8679780e+000
 -8.0503360e-001 -1.8186802e+000
 -8.0145542e-001 -1.8796525e+000
 -8.0310452e-001 -1.9011510e+000
 -8.1265835e-001 -1.9484121e+000
 -8.1381720e-001 -1.8636779e+000
 -7.9158359e-001 -1.8790719e+000
 -8.0740348e-001 -1.8718296e+000
 -8.0498584e-001 -1.9520198e+000
 -7.9919025e-001 -1.9406600e+000
 -7.9042348e-001 -1.9362191e+000
 -7.9996969e-001 -2.0477778e+000
 -8.0076090e-001 -1.9097780e+000
 -8.0257316e-001 -2.0516382e+000
 -8.0019286e-001 -1.9314691e+000
 -7.9470766e-001 -1.9626585e+000
 -8.0756384e-001 -2.0331759e+000
 -7.9737840e-001 -1.9754384e+000
 -8.0664470e-001 -1.9748358e+000
 -7.9704496e-001 -2.1000190e+000
 -8.0822114e-001 -2.0322877e+000
 -7.9076326e-001 -2.0634257e+000
 -7.9695088e-001 -2.0035868e+000
 -8.0942424e-001 -1.9656954e+000
 -7.9042059e-001 -2.0425164e+000
 -7.9126787e-001 -2.0469115e+000
 -7.9255978e-001 -2.0526458e+000
 -8.1008629e-001 -2.0473347e+000
 -8.0291280e-001 -2.0364243e+000
 -8.0549705e-001 -2.0955786e+000
 -8.0662212e-001 -1.9792494e+000
 -8.1276424e-001 -1.9801239e+000
 -8.0264832e-001 -2.0601471e+000
 -8.0956606e-001 -2.0024011e+000
 -8.0125391e-001 -2.0766318e+000
 -7.9668813e-001 -2.1206538e+000
 -8.0520801e-001 -2.1116181e+000
 -8.0653338e-001 -2.0511755e+000
 -7.9170947e-001 -2.0974666e+000
  1.0442416e-001 -2.0468931e+000
  1.2127382e-001 -2.1108764e+000
  1.1700248e-001 -1.9240158e+000
  1.0542283e-001 -1.8457547e+000
  1.1083597e-001 -1.6963646e+000
  1.0468927e-001 -1.4915141e+000
  1.0694035e-001 -1.5238658e+000
  1.1532708e-001 -1.2542919e+000
  1.2349761e-001 -1.1572493e+000
  1.2780429e-001 -9.8586057e-001
  1.1711270e-001 -9.2279239e-001
  1.1356346e-001 -8.9663397e-001
  1.2558066e-001 -6.8069587e-001
  1.1946937e-001 -5.8122437e-001
  1.1911477e-001 -4.6065988e-001
  1.2201655e-001 -4.4462535e-001
  1.1367160e-001 -3.7569147e-001
  1.0625156e-001 -3.3888306e-001
  1.0871925e-001 -2.7905186e-001
  1.1448510e-001 -2.2503800e-001
  1.1781167e-001 -1.5156770e-001
  1.0684510e-001 -2.0671822e-001
  1.1589804e-001 -1.2617383e-001
  1.1559010e-001  1.9613848e-002
  1.2235219e-001 -1.0055374e-001
  1.2253761e-001 -6.3315966e-002
  1.1473686e-001  1.1238985e-001
  1.1049688e-001  7.8927822e-002
  1.1116433e-001  2.5943162e-002
  1.1624125e-001  2.7921068e-002
  1.2083056e-001  1.1770264e-001
  1.1724904e-001  6.6135250e-002
  1.2406675e-001  1.9277641e-001
  1.1689624e-001  1.0373802e-001
  1.2688398e-001  1.4644675e-001
  1.0749227e-001  1.3922233e-001
  1.1115831e-001  1.6978568e-001
  1.0550672e-001  2.7848904e-001
  1.1273496e-001  2.2310633e-001
  1.0887936e-001  1.7358386e-001
  1.1297399e-001  2.4406499e-001
  1.0822301e-001  2.3408328e-001
  1.1000397e-001  3.0760874e-001
  1.1234566e-001  2.4221892e-001
  1.1717692e-001  2.1177810e-001
  1.1758984e-001  3.0875354e-001
  1.0590696e-001  2.1908173e-001
  1.2025804e-001  3.3629189e-001
  1.1364180e-001  2.6590768e-001
  1.1073781e-001  3.4283347e-001
  1.2451832e-001  3.1265211e-001
  1.2283939e-001  2.0512298e-001
  1.2496532e-001  3.2148102e-001
  1.0571704e-001  2.3578197e-001
  1.1530177e-001  3.7714964e-001
  1.1472798e-001  2.2185237e-001
  1.2520722e-001  3.7664113e-001
  1.1069941e-001  3.3730926e-001
  1.1139245e-001  2.3014715e-001
  1.1028539e-001  3.3635135e-001
  1.1492886e-001  3.8369517e-001
  1.1254626e-001  2.6010277e-001
  1.1717198e-001  3.6486931e-001
  1.1432693e-001  2.7257580e-001
  1.2022482e-001  3.7071636e-001
  1.0926415e-001  3.9618254e-001
  1.0576807e-001  3.2997825e-001
  1.2716332e-001  2.9903211e-001
  1.0778627e-001  2.5018963e-001
 -5.0071661e-001  2.6013294e-001
 -4.9649171e-001  2.8397677e-001
 -5.1379050e-001  3.2535524e-001
 -5.1116889e-001  2.3580928e-001
 -4.9510641e-001  1.7001586e-001
 -4.9801520e-001 -8.1180679e-002
 -5.1042401e-001 -2.8314936e-002
 -5.1204810e-001 -2.0952577e-001
 -5.1548298e-001 -2.0748435e-001
 -4.9922514e-001 -3.7820839e-001
 -5.0826678e-001 -4.0346607e-001
 -4.9884409e-001 -5.8577842e-001
 -5.0379993e-001 -6.4934728e-001
 -5.0319115e-001 -5.8305818e-001
 -4.9708019e-001 -7.3715986e-001
 -4.9560666e-001 -7.9190079e-001
 -5.0408721e-001 -8.8615102e-001
 -4.9201574e-001 -8.2225309e-001
 -4.9901330e-001 -9.2538956e-001
 -5.1119463e-001 -8.7858928e-001
 -4.9528985e-001 -9.2951929e-001
 -5.1178025e-001 -9.8276440e-001
 -5.0080448e-001 -1.0349124e+000
 -4.9317900e-001 -1.0876249e+000
 -4.9886155e-001 -1.0743159e+000
 -5.0539893e-001 -1.1362051e+000
 -5.1054577e-001 -1.1682586e+000
 -5.1168577e-001 -1.2063567e+000
 -4.9882198e-001 -1.1561740e+000
 -5.0144973e-001 -1.0957965e+000
 -5.0281028e-001 -1.2263768e+000
 -5.1497914e-001 -1.2762660e+000
 -4.9890374e-001 -1.2263552e+000
 -4.9771020e-001 -1.1850589e+000
 -4.9814598e-001 -1.2734283e+000
 -5.1489033e-001 -1.3256990e+000
 -4.9558474e-001 -1.1729931e+000
 -4.9541908e-001 -1.2545634e+000
 -4.9728852e-001 -1.3455337e+000
 -5.0951396e-001 -1.2021977e+000
 -5.0674823e-001 -1.1922113e+000
 -5.0190203e-001 -1.2905678e+000
 -5.1484693e-001 -1.2116206e+000
 -5.1328580e-001 -1.2773445e+000
 -5.0097644e-001 -1.2667852e+000
 -4.9596571e-001 -1.3353615e+000
 -5.0206702e-001 -1.2563452e+000
 -5.1240997e-001 -1.3337999e+000
 -4.9812933e-001 -1.2338713e+000
 -4.9897184e-001 -1.2338613e+000
 -4.9212203e-001 -1.3905735e+000
 -5.1522113e-001 -1.3907033e+000
 -4.9552722e-001 -1.2663741e+000
 -4.9832934e-001 -1.3809531e+000
 -4.9311625e-001 -1.2307812e+000
 -4.9580754e-001 -1.3012963e+000
 -5.1403662e-001 -1.2408952e+000
 -5.1525273e-001 -1.3820933e+000
 -4.9240569e-001 -1.2765324e+000
 -5.0488092e-001 -1.2494619e+000
 -5.0373967e-001 -1.3249097e+000
 -5.0624090e-001 -1.3564497e+000
 -5.1170196e-001 -1.3123099e+000
 -4.9698900e-001 -1.3287715e+000
 -5.0755050e-001 -1.3401179e+000
 -5.0266209e-001 -1.3451594e+000
 -5.0242357e-001 -1.3348340e+000
 -5.1085379e-001 -1.3600072e+000
 -5.0152504e-001 -1.3874688e+000
  5.3993586e-001 -1.3454167e+000
  5.1883280e-001 -1.4068345e+000
  5.3237033e-001 -1.2311071e+000
  5.2474828e-001 -1.0170604e+000
  5.2555104e-001 -8.4154113e-001
  5.4059996e-001 -5.7729928e-001
  5.1801753e-001 -4.3138166e-001
  5.3322079e-001 -1.4809366e-001
  5.2871101e-001  1.0949445e-002
  5.2484790e-001  1.3555251e-001
  5.2351255e-001  3.3722140e-001
  5.1916233e-001  4.6165333e-001
  5.2511518e-001  6.9778380e-001
  5.2725326e-001  7.5601069e-001
  5.2083012e-001  1.0253364e+000
  5.3677627e-001  1.1511056e+000
  5.3883529e-001  1.1308589e+000
  5.4136156e-001  1.2802719e+000
  5.1816238e-001  1.4001502e+000
  5.3334234e-001  1.3932306e+000
  5.3809437e-001  1.5527695e+000
  5.4099759e-001  1.6518804e+000
  5.3653681e-001  1.6074043e+000
  5.3210496e-001  1.6300888e+000
  5.1888569e-001  1.6853565e+000
  5.3850261e-001  1.7215190e+000
  5.2888487e-001  1.8550838e+000
  5.3148057e-001  1.8785065e+000
  5.2069644e-001  1.9334256e+000
  5.2616721e-001  2.0306372e+000
  5.1945011e-001  1.8908183e+000
  5.2019378e-001  1.9802310e+000
  5.4024158e-001  1.9354107e+000
  5.2317497e-001  2.0786429e+000
  5.3433509e-001  2.1429395e+000
  5.4078274e-001  2.0756426e+000
  5.2799262e-001  2.0556458e+000
  5.3927862e-001  2.0601353e+000
  5.3757521e-001  2.0373092e+000
  5.3799814e-001  2.1778247e+000
  5.2864434e-001  2.0735904e+000
  5.3355240e-001  2.0750522e+000
  5.3362694e-001  2.2064271e+000
  5.2031437e-001  2.2263925e+000
  5.3115913e-001  2.2138956e+000
  5.2190835e-001  2.1766860e+000
  5.3409753e-001  2.2665926e+000
  5.2587158e-001  2.2772413e+000
  5.3169184e-001  2.1492640e+000
  5.1922599e-001  2.1265621e+000
  5.3556709e-001  2.1375489e+000
  5.1821863e-001  2.1628233e+000
  5.3036346e-001  2.1718551e+000
  5.3357671e-001  2.1963661e+000
  5.3940824e-001  2.1937751e+000
  5.1951681e-001  2.3126732e+000
  5.2148670e-001  2.1551491e+000
  5.3705149e-001  2.1820023e+000
  5.1843465e-001  2.2054268e+000
  5.3327948e-001  2.3265326e+000
  5.2307887e-001  2.2571420e+000
  5.1802008e-001  2.2668317e+000
  5.3460946e-001  2.1794955e+000
  5.2867289e-001  2.2884306e+000
  5.3615138e-001  2.3041136e+000
  5.2467105e-001  2.1903734e+000
  5.3443465e-001  2.3240143e+000
  5.3605192e-001  2.2112064e+000
  5.3153038e-001  2.2781157e+000
  6.5407212e-001  2.2203587e+000
  6.5490982e-001  2.2543414e+000
  6.5443353e-001  2.1974024e+000
  6.4848453e-001  2.2917509e+000
  6.5368753e-001  2.3365558e+000
  6.6365353e-001  2.4508316e+000
  6.4335976e-001  2.5613632e+000
  6.4720235e-001  2.5312972e+000
  6.4919421e-001  2.7062779e+000
  6.6399636e-001  2.7034393e+000
  6.5060744e-001  2.7275506e+000
  6.6296461e-001  2.9044401e+000
  6.5700259e-001  2.8139403e+000
  6.5434085e-001  2.9750522e+000
  6.5096656e-001  3.0396088e+000
  6.6245841e-001  3.0592468e+000
  6.6101956e-001  2.9593621e+000
  6.5194402e-001  2.9804700e+000
  6.5971687e-001  3.1108938e+000
  6.4810699e-001  3.0306777e+000
  6.6008803e-001  3.1546916e+000
  6.4687508e-001  3.2272553e+000
  6.6379147e-001  3.2083931e+000
  6.5028052e-001  3.1123654e+000
  6.5643395e-001  3.2566207e+000
  6.5821501e-001  3.1538176e+000
  6.6049350e-001  3.2449715e+000
  6.5611190e-001  3.3301202e+000
  6.6474224e-001  3.1789579e+000
  6.5337392e-001  3.2966992e+000
  6.4560189e-001  3.3134283e+000
  6.6043142e-001  3.2616612e+000
  6.4369888e-001  3.2220976e+000
  6.5066512e-001  3.2355179e+000
  6.6299855e-001  3.2474833e+000
  6.5563360e-001  3.3357517e+000
  6.6339599e-001  3.2700877e+000
  6.5250835e-001  3.2609083e+000
  6.4914025e-001  3.3933796e+000
  6.4988285e-001  3.3272342e+000
  6.5594254e-001  3.2721843e+000
  6.5352429e-001  3.2671444e+000
  6.6403264e-001  3.2806024e+000
  6.4957836e-001  3.3517754e+000
  6.5748439e-001  3.3002186e+000
  6.5377244e-001  3.3004145e+000
  6.4590321e-001  3.3750662e+000
  6.5227852e-001  3.2922845e+000
  6.6296365e-001  3.2944140e+000
  6.6035199e-001  3.3299320e+000
  6.5633669e-001  3.3928443e+000
  6.6475088e-001  3.4156848e+000
  6.6186186e-001  3.3882063e+000
  6.5693316e-001  3.3985316e+000
  6.5723496e-001  3.4040424e+000
  6.5012464e-001  3.4352996e+000
  6.5212437e-001  3.3988427e+000
  6.5213431e-001  3.3430464e+000
  6.4258437e-001  3.2735484e+000
  6.5072567e-001  3.3746543e+000
  6.4669872e-001  3.3226239e+000
  6.4089656e-001  3.3354418e+000
  6.4282521e-001  3.3617004e+000
  6.4728735e-001  3.3221740e+000
  6.4713980e-001  3.4036911e+000
  6.4096723e-001  3.4052671e+000
  6.5923937e-001  3.4276890e+000
  6.5482470e-001  3.3670864e+000
  6.5081059e-001  3.4249504e+000
 -5.6792218e-001  3.4130476e+000
 -5.7016293e-001  3.4133552e+000
 -5.6844239e-001  3.2584494e+000
 -5.7611898e-001  2.9085380e+000
 -5.6720882e-001  2.6718420e+000
 -5.6517472e-001  2.4103549e+000
 -5.6373607e-001  2.0232341e+000
 -5.7137950e-001  1.8884842e+000
 -5.6386512e-001  1.5799738e+000
 -5.6056337e-001  1.3131628e+000
 -5.6812262e-001  1.0945856e+000
 -5.7686330e-001  7.8828473e-001
 -5.6173646e-001  5.9037188e-001
 -5.7491595e-001  4.7517952e-001
 -5.6383521e-001  2.1517141e-001
 -5.7911042e-001  1.6755538e-001
 -5.6832957e-001 -6.1257299e-002
 -5.6045417e-001 -1.8180175e-001
 -5.6181062e-001 -3.4827006e-001
 -5.6298759e-001 -4.7715543e-001
 -5.6353593e-001 -5.3734055e-001
 -5.7390422e-001 -5.5114178e-001
 -5.7351171e-001 -7.1816081e-001
 -5.7243022e-001 -7.9041125e-001
 -5.8368715e-001 -7.5303440e-001
 -5.6301074e-001 -9.0960649e-001
 -5.6719260e-001 -9.4567147e-001
 -5.7879340e-001 -9.2539566e-001
 -5.6870701e-001 -1.0512947e+000
 -5.6275633e-001 -9.9701893e-001
 -5.6976184e-001 -1.0789489e+000
 -5.6247374e-001 -1.1637374e+000
 -5.6066586e-001 -1.1059495e+000
 -5.7820031e-001 -1.3052558e+000
 -5.7696012e-001 -1.2530138e+000
 -5.6102381e-001 -1.2368440e+000
 -5.6626676e-001 -1.2275913e+000
 -5.6306131e-001 -1.3551679e+000
 -5.7054391e-001 -1.4072000e+000
 -5.6030022e-001 -1.3542237e+000
 -5.7210879e-001 -1.3901163e+000
 -5.7049069e-001 -1.3809690e+000
 -5.6905111e-001 -1.3051988e+000
 -5.8012193e-001 -1.3918994e+000
 -5.8383019e-001 -1.3334955e+000
 -5.8131516e-001 -1.3504677e+000
 -5.7683943e-001 -1.3509916e+000
 -5.8317612e-001 -1.4715655e+000
 -5.7756592e-001 -1.3805727e+000
 -5.8129719e-001 -1.3733103e+000
 -5.8272019e-001 -1.4694407e+000
 -5.7339680e-001 -1.4137088e+000
 -5.8000525e-001 -1.5393701e+000
 -5.7326909e-001 -1.3830199e+000
 -5.8164864e-001 -1.4826782e+000
 -5.7034303e-001 -1.5052290e+000
 -5.7001089e-001 -1.5318747e+000
 -5.6992752e-001 -1.5253713e+000
 -5.6686453e-001 -1.4783726e+000
 -5.8153214e-001 -1.4358512e+000
 -5.7585880e-001 -1.4776422e+000
 -5.7137117e-001 -1.4303552e+000
 -5.6923791e-001 -1.5227750e+000
 -5.7822255e-001 -1.4412350e+000
 -5.7569650e-001 -1.5144002e+000
 -5.7284881e-001 -1.4054708e+000
 -5.6621324e-001 -1.4267982e+000
 -5.7575563e-001 -1.4620572e+000
 -5.7341561e-001 -1.4279235e+000
 -1.7870312e-001 -1.5185812e+000
 -1.7152468e-001 -1.4128225e+000
 -1.6866350e-001 -1.4870790e+000
 -1.7140953e-001 -1.4418641e+000
 -1.7917719e-001 -1.3296878e+000
 -1.7182524e-001 -1.2213031e+000
 -1.9135063e-001 -1.2540099e+000
 -1.8624065e-001 -1.2568466e+000
 -1.6938679e-001 -1.0777237e+000
 -1.8505066e-001 -1.0696839e+000
 -1.7259518e-001 -1.0031420e+000
 -1.7873948e-001 -8.7727232e-001
 -1.9071536e-001 -9.1065288e-001
 -1.8356240e-001 -8.6647280e-001
 -1.7763129e-001 -7.4792714e-001
 -1.8922796e-001 -7.8879052e-001
 -1.8607133e-001 -6.9300389e-001
 -1.7704470e-001 -7.7143280e-001
 -1.7775385e-001 -6.9056926e-001
 -1.8829656e-001 -6.7689784e-001
 -1.7903390e-001 -7.5496105e-001
 -1.7906964e-001 -6.4412548e-001
 -1.7887660e-001 -6.2214492e-001
 -1.7586997e-001 -5.2976114e-001
 -1.8557364e-001 -6.1759532e-001
 -1.7289216e-001 -4.9963442e-001
 -1.9000934e-001 -5.8325080e-001
 -1.8960634e-001 -6.0961693e-001
 -1.8650573e-001 -5.2936637e-001
 -1.8011460e-001 -5.5392738e-001
 -1.7274377e-001 -4.6745071e-001
 -1.7487716e-001 -4.4556210e-001
 -1.7765044e-001 -5.9407088e-001
 -1.9185965e-001 -5.8972240e-001
 -1.8472000e-001 -5.4265725e-001
 -1.8020515e-001 -5.1578089e-001
 -1.8263342e-001 -5.4068379e-001
 -1.8122229e-001 -4.1467832e-001
 -1.7781902e-001 -5.2241472e-001
 -1.8692206e-001 -5.3714462e-001
 -1.7993383e-001 -5.6868564e-001
 -1.6977768e-001 -5.5384214e-001
 -1.7518111e-001 -5.1255772e-001
 -1.8259010e-001 -5.2700929e-001
 -1.6947702e-001 -4.9908493e-001
 -1.7392585e-001 -3.9513608e-001
 -1.8095315e-001 -4.3350494e-001
 -1.7921149e-001 -5.0283312e-001
 -1.8810152e-001 -5.3744517e-001
 -1.8895104e-001 -4.9412355e-001
 -1.7367030e-001 -3.7879355e-001
 -1.7490869e-001 -4.9679704e-001
 -1.6998018e-001 -3.8728554e-001
 -1.7074087e-001 -4.1496139e-001
 -1.7305120e-001 -5.4270599e-001
 -1.9170418e-001 -3.9221508e-001
 -1.8462714e-001 -4.1446514e-001
 -3.4589730e-001 -3.8118774e-001
