 -6.0269111e-001 -1.8070582e+000
 -6.8197957e-002 -2.8697288e-001
  5.1681380e-001  1.9883896e+000
 -1.7720253e-001 -3.0926723e-001
  6.6769947e-001  3.7261257e+000
 -8.8095832e-002 -2.2450007e-001
  8.2542720e-001  5.7190218e+000
 -8.0530547e-001 -2.0918869e+000
  8.3850050e-001  5.6657564e+000
  2.4124192e-001  6.0231231e-001
 -3.4406451e-001 -5.8620004e-001
 -5.4203709e-001 -1.2337464e+000
 -3.4144112e-002 -1.9967712e-001
 -8.1099239e-001 -1.7977931e+000
  8.4206700e-001  6.0110128e+000
 -1.9863732e-001 -2.8526580e-001
 -1.1220698e-001 -5.1798612e-001
 -8.6586617e-001 -2.3016935e+000
  7.1490550e-002  1.7557277e-001
  1.0808514e-001  5.4435678e-001
 -4.7862653e-001 -1.1908266e+000
  8.1907331e-001  5.3687339e+000
 -9.7585337e-001 -2.2441454e+000
  4.5061397e-001  1.5158432e+000
  7.1304791e-001  4.0920589e+000
  4.6101486e-002  1.3594884e-001
  1.8529199e-001  6.7765585e-001
 -8.2661467e-003 -2.3447909e-001
 -8.7815160e-001 -1.9761231e+000
  2.7909989e-001  6.6595165e-001
 -3.5887259e-001 -1.0916179e+000
  9.8624799e-001  8.4535824e+000
 -5.2513807e-001 -1.2265447e+000
  2.9557886e-001  8.8336197e-001
 -6.3549777e-001 -1.7333767e+000
 -3.7246128e-001 -7.7306215e-001
  8.9404122e-002 -3.8720761e-002
 -3.6028519e-001 -8.1476484e-001
 -7.9388686e-001 -2.1773174e+000
  5.2150313e-001  2.0817046e+000
  7.1691497e-001  4.0763494e+000
 -4.7945293e-001 -1.0570042e+000
  4.2595444e-001  1.5321885e+000
 -8.4884433e-002 -3.2646343e-001
  3.1517377e-002  2.0553794e-001
 -3.4643669e-001 -8.6644417e-001
 -2.0542230e-001 -7.4097085e-001
  3.3356720e-002  2.4412033e-001
  7.1983961e-002  1.3876237e-001
  9.4607189e-001  8.0079977e+000
  9.8297140e-001  8.4629899e+000
  6.0811456e-001  3.0147417e+000
 -5.2961509e-001 -1.6325731e+000
  8.8927576e-001  6.8858424e+000
 -9.2678295e-001 -2.4827408e+000
 -1.5092761e-001 -5.0906629e-001
 -2.1056868e-001 -4.0941689e-001
  1.8698770e-001  7.2287703e-001
  8.8289029e-001  6.7374720e+000
  1.0037207e-001  4.6637138e-001
 -4.7952771e-001 -1.0204723e+000
  3.0769024e-001  8.9157606e-001
  8.5558240e-002  2.1321585e-001
  5.2195816e-001  2.3028229e+000
  3.6182228e-001  9.9784271e-001
  2.7865555e-002 -1.4478510e-001
 -1.4305000e-001 -1.5845898e-001
  6.8977840e-001  3.6995046e+000
  4.8379464e-001  2.1282990e+000
  5.0519389e-002 -1.5376875e-001
 -7.4772524e-001 -1.6542156e+000
 -7.8257812e-001 -2.2450370e+000
 -1.4125623e-001 -2.2782242e-001
 -8.4423506e-002  5.9256187e-002
  6.8144821e-001  3.8700057e+000
  8.0467475e-001  5.2312435e+000
  2.8080378e-001  1.0434745e+000
  5.5666934e-001  2.4514764e+000
 -6.0975049e-001 -1.7116157e+000
  3.6733346e-001  1.1017664e+000
  4.2284542e-001  1.3542102e+000
  5.1469303e-001  1.9299731e+000
  5.8589644e-001  2.7350218e+000
  3.4500536e-001  8.5589237e-001
 -7.6065718e-001 -2.2226320e+000
  4.2527405e-001  1.7783346e+000
 -2.5095459e-001 -5.7517055e-001
 -5.3870171e-001 -1.4791228e+000
  5.5073149e-001  2.5569151e+000
 -1.1449421e-001 -5.7084501e-001
  4.3750006e-001  1.6614056e+000
  9.4390547e-001  7.8260787e+000
  7.0543210e-001  3.6916623e+000
 -3.8938655e-001 -7.1486541e-001
  8.8783468e-001  6.4150476e+000
  8.8232315e-001  6.6975546e+000
 -8.1743952e-002 -2.6272188e-001
  5.6551510e-001  2.4546179e+000
 -1.2914600e-001 -4.7266723e-001
  8.5994333e-002  1.0694605e-001
  3.1762491e-001  8.9311437e-001
  7.7497659e-002  5.5701361e-002
 -9.2182850e-001 -2.3109308e+000
 -5.0655289e-001 -1.1819747e+000
  2.8317806e-001  7.1830364e-001
 -6.4913622e-001 -1.7025545e+000
  7.1169925e-001  4.0912875e+000
 -1.3580680e-001 -4.8690188e-001
  9.0247913e-001  7.2189321e+000
  2.2645184e-001  4.1599368e-001
  2.5629457e-001  7.7605728e-001
  7.2068444e-001  3.8500167e+000
  8.3484909e-001  5.7905892e+000
  1.0385336e-001  2.0243397e-001
  6.3933798e-001  3.0260154e+000
 -8.6020978e-002 -3.7284307e-001
  9.3993513e-001  7.7646927e+000
 -9.8827911e-001 -2.4687595e+000
 -8.1332070e-001 -2.2425314e+000
  7.8791775e-001  5.2450529e+000
  7.3144733e-001  4.4025302e+000
 -1.8973662e-001 -3.2267477e-001
 -3.5228736e-001 -1.0113658e+000
 -5.3385223e-001 -1.2718560e+000
 -5.2289502e-001 -1.5457582e+000
  9.1311447e-001  7.0563570e+000
  2.3948559e-001  6.0657131e-001
 -8.8565677e-001 -2.3463602e+000
  4.0908981e-001  1.3381703e+000
 -4.6918883e-001 -1.4880549e+000
 -7.2705042e-001 -1.9419470e+000
  2.9574591e-001  1.1438893e+000
 -6.7330497e-002 -2.6090991e-001
 -5.1533079e-001 -1.0972967e+000
  8.9489878e-001  6.9293943e+000
 -4.9471025e-002 -8.7442270e-002
 -9.9307372e-002 -4.4948849e-001
  5.5887276e-001  2.4805012e+000
 -2.4729448e-002  2.0356080e-001
 -7.5783785e-001 -1.8515835e+000
  6.1166300e-001  3.1704305e+000
 -6.2284953e-001 -1.3573068e+000
 -1.2071290e-001 -3.4627473e-001
  1.4877189e-002  2.1034151e-001
  1.5634914e-003  6.2787799e-002
  2.5034932e-001  8.4962197e-001
  8.5218777e-001  5.7974728e+000
 -9.8285336e-001 -2.2957106e+000
  9.6617924e-001  8.2645022e+000
 -6.0431287e-001 -1.6898709e+000
 -2.8914641e-001 -1.0131159e+000
  9.7135231e-001  8.3434126e+000
 -3.3552963e-002  1.2058822e-001
 -6.6407238e-001 -1.7723032e+000
  9.1722276e-001  7.4412106e+000
  9.5340655e-001  7.9354101e+000
 -3.9103242e-001 -9.7532414e-001
  3.3269639e-001  1.0368355e+000
 -6.8994814e-001 -1.6644393e+000
 -1.4209886e-001 -1.8441341e-001
  8.9651079e-002  3.3256171e-001
 -5.5788744e-001 -1.1772982e+000
  8.9057894e-001  7.0368526e+000
 -7.0831917e-002 -2.1182616e-001
 -6.4493457e-002  1.2374800e-001
 -8.4792080e-001 -1.9092180e+000
 -4.2196711e-001 -1.3737413e+000
  6.5807063e-001  3.3673333e+000
  2.0051196e-001  8.5530397e-001
 -3.9470950e-001 -8.3499085e-001
 -7.2157836e-001 -2.0024244e+000
 -2.5627377e-001 -8.1521927e-001
 -2.3842500e-001 -7.9738742e-001
  9.1657875e-001  7.1799906e+000
  7.6389197e-001  4.5466626e+000
 -5.9434521e-001 -1.5679867e+000
 -8.2422724e-001 -2.1370153e+000
 -8.3810311e-002 -3.6159214e-002
 -7.5565724e-001 -1.9173232e+000
  6.1336197e-001  3.0473753e+000
 -7.1252232e-001 -2.0838175e+000
 -5.3761234e-001 -1.4599108e+000
  4.1389701e-001  1.4502551e+000
  5.5746635e-001  2.3157191e+000
  3.7636034e-001  1.2048092e+000
 -7.6326435e-001 -1.9069631e+000
  3.3335784e-001  1.0981539e+000
  3.4189704e-002  2.8090642e-001
 -8.9991388e-001 -2.3336930e+000
  8.1787959e-001  5.4142157e+000
  7.8374841e-001  4.9574926e+000
 -7.6653349e-001 -1.8323912e+000
 -1.5067526e-001 -2.8262617e-001
  2.1131104e-001  3.8042624e-001
 -2.3938824e-001 -8.4757077e-001
 -4.9622610e-001 -1.2034203e+000
  5.4891612e-001  2.5148057e+000
  9.3438180e-001  7.7082303e+000
  7.4329965e-002  1.7566000e-001
  5.5356114e-001  2.7109607e+000
